3876
3714 437
2107 2799
689 1125
3289 1722
2805 2841
2879 2790
1962 3384
594 2019
119 2958
2476 3834
3848 3177
2997 567
2890 2656
421 3296
3554 1424
1090 2637
548 2088
1735 1126
1561 1993
3125 2967
2464 3487
3166 3759
3369 1378
1347 3690
3200 108
3781 3537
3640 2366
3089 2492
1507 3864
2887 1045
1746 2160
3472 1735
3683 2413
1133 1142
739 1777
911 1066
842 2427
1527 1069
2196 410
345 2375
1659 434
2440 2985
1380 1544
2670 1461
1691 1177
1018 2589
1393 3698
2152 303
2905 2267
2788 1453
424 1621
2170 2572
2313 3146
1165 1067
1621 852
788 851
1335 3464
464 2188
3857 3653
2864 3663
3387 1489
3425 2010
2486 593
584 3007
3547 3427
436 1860
1499 3572
2951 1861
2161 3691
1151 2071
2328 2636
929 975
318 1087
680 1668
1086 141
2807 1587
986 957
954 510
3448 1620
2264 113
583 3721
3747 1916
402 3380
925 452
2133 3336
706 1842
584 684
558 3664
2452 312
1330 1669
700 3488
2897 2914
2646 1117
1298 441
179 2032
420 2158
1831 2890
1987 1417
3759 1374
2233 655
2983 887
3346 1693
3788 1846
519 1871
1567 565
3383 2026
3278 512
1600 3637
148 2867
315 1812
191 56
1065 3064
2753 1593
2028 2128
3363 2047
3659 2863
1654 3873
1233 167
2795 2758
30 367
3424 1505
2997 3387
3121 1467
1631 2428
1696 837
3699 1215
1610 1551
853 3329
622 1447
1255 1094
436 2223
2449 1074
1733 3873
2409 2170
1322 2087
2889 1117
2283 1536
1433 1137
3732 2560
2138 2875
3043 2981
2718 1235
3101 2168
1976 3779
3190 3674
2290 3646
695 2339
1094 2610
1235 3781
3750 1567
1673 3189
966 3327
1625 31
1194 3191
3159 833
989 2264
2935 1354
877 3026
2486 2016
2071 3235
629 1692
703 1641
2804 2591
2122 2234
1212 3504
1623 2321
107 2290
3188 487
1856 3017
1706 1272
2348 510
2303 1262
3459 3165
3464 3280
51 1236
186 1536
1576 3377
3565 3857
1908 2426
2403 2368
1723 1855
1482 3486
914 1982
50 3863
164 730
341 134
403 3227
2923 3343
1113 879
3730 662
1135 409
1723 3023
2604 2772
3619 3046
1735 1865
904 476
603 1302
107 1135
2925 3352
3794 1586
2949 3480
1046 825
1130 3677
2952 1011
2076 3592
1899 512
2358 1026
1059 535
2514 785
1012 423
611 79
1132 3494
506 2537
1636 3256
3298 601
397 3799
989 3445
751 1816
3640 2058
1539 1108
1845 397
3462 3449
3025 213
736 2181
958 79
1240 1226
2766 2433
586 207
255 3571
580 887
1311 3092
1304 2638
2317 1789
1159 1237
1658 692
1443 767
3867 1404
3334 904
2824 573
1568 1701
3092 3771
1719 2099
3252 1774
2896 449
605 2822
486 3359
2576 444
2803 2850
1144 821
3152 1543
1218 541
1994 762
1269 1755
911 2047
1171 200
3301 619
883 1948
3192 3830
2956 3065
2292 3839
380 839
2080 3431
1201 2294
2744 442
1777 1407
3713 829
729 3467
2183 2620
1314 2171
1780 2873
2284 2672
474 2194
408 3826
1406 2928
934 3118
1784 1302
3783 2470
3317 748
347 3587
1175 2012
3255 99
1694 362
2499 3499
3435 2955
3027 1669
3452 384
2401 2964
2063 2151
1829 1984
1220 708
2550 2269
1793 75
676 3762
3434 3484
2854 2909
2052 3453
3568 3484
123 1563
3669 2075
3693 446
3705 1732
1356 717
857 1787
1311 1240
3568 2666
1629 354
132 2551
1281 3283
261 2207
646 2772
899 2952
3853 3818
412 390
2919 42
3099 3127
2705 3725
1475 1607
205 851
3837 612
2918 571
1180 1430
3661 386
2157 3627
1238 3586
452 2677
608 3419
221 41
2129 3794
3597 2845
3726 2730
3831 272
348 1802
2739 3723
1222 380
353 1917
3059 2910
2431 3378
1748 1887
1419 3109
600 2023
356 3383
3009 3318
1047 1022
2002 2706
1291 1648
663 93
1790 1066
3223 1557
2941 410
2072 1947
2640 1236
49 2674
2113 1756
301 680
3876 2122
344 1050
3100 174
1493 1782
2052 3466
3005 3320
1164 2775
3679 3005
3521 204
3082 2786
417 1794
3602 1095
3507 40
470 2852
3806 336
812 2552
2610 3730
3642 3648
2914 169
538 3252
3535 516
2040 1133
391 1741
1783 2231
3001 2568
3421 939
1872 2717
1858 833
1524 3697
2079 14
3075 1699
2118 908
2195 1357
3592 2191
151 712
2040 1254
3724 3313
1511 1893
1528 1308
1817 1182
850 2147
3178 2093
2192 76
3711 2556
1777 1783
2446 1649
1711 3415
541 1577
2086 1077
656 103
3049 636
3118 241
3264 2510
3254 2051
499 2334
1562 1077
3548 54
282 1582
2668 944
1415 3767
665 3040
95 3153
773 2085
3562 1386
3533 456
2810 1293
2159 2235
2369 1779
3265 2102
3136 2217
3311 2972
1112 2682
1838 1362
3013 3049
1635 279
850 1221
3458 3665
731 3781
872 751
2579 2299
3064 1819
2728 1833
3149 3324
1021 2271
3435 1466
3123 1874
655 3382
352 3869
2695 2595
3634 3746
40 2062
1762 2427
1158 3444
3154 665
3821 3609
3687 3380
1982 215
3070 937
3710 1526
3431 2865
1521 2449
2333 2364
1421 1050
3427 3160
3594 1351
3255 1656
495 2053
1157 2438
87 538
2229 3475
1470 3423
3710 2694
1081 3382
207 2589
2712 2131
2951 198
1072 2101
1975 1609
471 2635
1794 514
3814 2293
2492 3296
2738 2534
1917 850
565 2004
2110 750
2538 1951
2156 3081
91 3811
1411 749
857 3344
2089 1859
934 824
3300 3240
3554 353
1438 2572
1957 922
3285 3871
726 1060
1571 886
3391 591
1113 8
1995 2382
1527 816
620 1832
1941 3314
2536 979
3788 412
1006 821
1868 291
2153 689
3046 1495
100 490
2113 3542
444 2249
1662 3606
2032 399
996 776
1839 4
786 1720
63 3577
2530 3830
42 256
1685 3738
171 141
1320 3088
527 971
3629 2984
3374 1711
843 3688
1531 3271
2393 2778
3773 1716
1259 3337
404 608
3580 3536
930 2115
2132 1690
1970 3614
1180 3458
163 2882
1369 2162
149 732
206 3252
2088 1620
2642 2206
1303 3794
3717 1003
1553 2508
804 1895
3875 128
2471 2553
76 1156
2051 1738
227 3540
917 1543
915 2931
650 1428
2957 2483
3762 3405
3681 33
3254 2669
979 1603
3789 3767
215 3193
3310 3244
2018 2463
1178 766
3795 2764
1140 2231
3368 2956
152 2090
3383 3759
883 3063
3371 2207
611 2375
900 2249
1576 546
2092 3846
509 2364
3317 924
2355 2270
605 2072
1236 3861
3091 3321
577 512
1375 1724
1805 1537
19 1682
1235 1192
3556 159
2315 67
768 2709
1962 474
2394 885
2712 3675
360 3143
50 2200
3546 1134
2140 480
3759 2181
385 692
2396 3146
3413 1507
2649 357
2090 659
386 3546
133 3137
351 327
316 1272
1353 3749
775 3772
2351 2622
2559 2800
3113 1925
248 2794
1609 965
1361 1654
3066 3799
1512 3513
1574 715
3463 3435
1465 2943
56 1577
849 459
1482 897
2619 2558
2211 2467
1826 441
1114 1144
2401 120
1840 1773
59 47
2896 2048
3792 2600
812 2499
1056 1139
13 2789
2214 3411
3449 1443
3239 1633
3705 874
2091 2294
1162 3780
3581 1333
1540 2420
2779 1648
821 1272
2913 645
3345 339
3637 2662
3675 739
3190 3434
323 241
3420 1681
2212 1537
1365 2833
3822 3610
3273 170
1060 2197
413 2615
3634 1344
3503 2847
3491 3547
2906 2628
1937 2995
2300 603
937 3783
2167 3457
725 3375
2621 3627
1716 2538
1193 3251
1451 1789
541 585
3395 52
3868 464
3240 932
85 305
849 2687
774 3267
2367 2993
1744 1782
113 1572
421 1688
2279 894
369 1232
2394 1369
1198 562
3414 1462
1831 2195
179 3323
2218 426
79 1170
311 244
2919 2688
1515 3652
2038 724
2561 728
2403 2128
2917 2349
1525 3845
30 490
2051 1417
1299 3539
1825 3060
2549 610
782 2754
2712 2065
126 1366
3434 2989
2331 2373
3630 2635
2699 2540
1744 627
3802 3156
1649 1787
2566 2950
2165 2606
1425 2796
1592 987
2705 2062
2127 99
2449 150
3073 14
2718 540
3807 2453
3652 3333
1243 2038
78 2759
2454 3648
563 2279
3342 138
787 1004
234 3272
2378 620
1211 514
2436 1793
2737 3707
405 2107
2435 2588
635 2798
3758 3207
2476 2360
1406 2675
327 2416
1550 3097
2212 35
3597 3747
2625 3651
431 29
3280 3582
983 771
124 2996
3424 823
1067 1179
84 1648
2391 451
3153 2989
1632 399
3167 672
1988 3710
3593 780
821 1877
1764 289
917 1585
3197 551
3391 1585
2551 1837
1338 1349
3814 1422
1835 2155
3774 2289
3296 264
314 1551
2523 1509
3421 673
2745 161
883 1708
1585 3212
40 2480
3730 1953
729 3227
2790 3287
2847 1606
3795 2348
1248 1577
2225 1034
2765 2476
1485 2981
454 2470
1058 1416
915 2865
1453 3672
2840 1603
61 3707
1735 2338
2346 2263
2146 1909
1198 938
1713 364
1194 3677
2767 41
1103 1869
2192 1796
2796 2728
3632 1014
748 3627
2587 2325
2258 1332
2727 90
229 29
1990 1517
2805 683
539 2177
1418 3277
1382 651
270 969
306 626
540 2779
1992 3549
2854 804
2687 3845
247 1251
2370 2448
3557 3701
589 722
3569 786
131 1039
1700 3148
681 3169
292 1896
3088 1910
20 1208
2339 3549
3063 3314
1948 1412
3061 501
3684 1675
2789 42
2362 2449
2140 1353
1837 2335
3337 3819
3082 2775
1315 2933
2946 3668
599 1265
2053 418
3770 2654
270 2258
124 2204
3847 97
3408 3699
1806 3399
2656 1620
1550 1258
2317 1925
545 1968
2809 401
1046 2316
2962 1397
350 3715
759 1668
1418 1075
2691 1348
1118 783
3162 933
16 3546
3089 1623
262 569
2027 3748
153 3551
2639 111
2133 239
1164 1838
2582 1297
1584 963
2382 943
2468 2215
456 3737
1106 3819
3274 1790
2489 2503
1921 2985
3834 666
785 2192
649 3085
2261 3807
3276 3556
1674 2061
738 390
1493 3181
3766 1434
1794 2126
2592 2106
278 1866
2408 2285
2239 527
1377 3006
3091 3739
1766 603
3600 1438
2927 2850
726 1733
984 2257
3171 3210
3193 754
516 462
3697 2273
474 465
580 3601
1318 2547
652 2723
2895 1999
2575 2583
2346 774
152 1582
2805 3274
167 170
955 1677
2519 2651
3445 3019
2751 1991
2641 2119
1070 2152
2281 3762
1441 3822
2234 1472
3060 3271
2769 2570
2996 1529
2736 2356
100 116
2631 879
2901 474
2302 3821
698 3714
786 1346
1608 1949
1393 1795
1174 1199
59 1283
3133 2931
225 2218
3243 359
1739 1385
2578 3123
661 533
3173 1054
279 239
592 2685
1746 3761
1409 692
3241 929
2085 975
2993 1352
3817 567
76 2768
2252 1088
1923 2081
2568 3051
2969 1180
1164 1046
3017 662
3440 765
2867 1132
3574 1748
1535 3662
7 2116
3847 594
3007 1637
3549 937
3556 1879
1818 3721
2317 2422
2685 1357
393 3091
2986 302
238 1002
150 1118
3256 126
2113 377
948 3084
3830 398
3030 3755
2764 2589
3681 1995
2146 3708
606 3091
1043 877
1905 2333
1180 3326
3186 1235
3735 245
1374 2145
727 2563
1408 709
3872 250
3803 2631
931 1575
2533 855
1296 10
757 2176
2278 336
170 430
1842 3418
476 1934
1930 1050
3633 1402
1498 2625
2432 2200
3726 3579
865 992
2442 2659
2719 1247
1496 300
3648 1710
1836 2620
783 135
1696 2317
1524 813
856 354
2854 388
1570 1683
2571 1497
3082 2238
463 3806
3464 2303
2674 2901
3607 891
1793 937
3560 550
2863 1376
3336 1071
1421 1065
228 1953
1868 2279
407 1955
2230 2372
3044 2885
1774 2092
568 826
537 3233
2773 1833
3716 2231
1130 3747
3399 309
3652 2475
1513 3219
3158 920
2729 2958
3567 1842
3625 1295
2412 3022
3298 2886
1901 2806
3164 442
2095 3086
1097 537
32 213
1350 2703
2878 2034
2549 3027
1701 3455
2626 1261
1826 417
587 960
79 3708
1144 1817
1710 2457
3052 3355
2899 2093
851 2467
397 3051
1431 2813
2200 2321
2715 1784
825 788
1057 128
2344 3268
914 2294
1127 3570
3269 320
3642 3571
834 2005
3083 3607
3136 730
963 2415
1025 1307
2098 2983
1893 1531
1363 548
1024 3068
2982 2249
599 2138
614 955
2713 3256
2429 1282
2200 2213
1778 2978
3473 271
2678 2740
1053 3742
2700 55
72 3789
2909 1855
3761 674
271 2952
1334 2183
1260 2005
644 3722
129 3542
1287 3828
485 3177
289 3265
1966 181
703 2316
1539 373
2165 1293
2134 1751
3168 1742
1196 3646
2734 3436
50 2202
3789 2843
1158 910
623 1569
1569 1713
2228 3335
3124 1901
1607 2463
834 2018
3750 2592
2286 536
1271 2773
3332 618
1532 2814
3091 1229
65 1921
1352 897
311 3145
2183 825
3275 757
1647 3703
88 858
1229 3715
2844 1739
2116 246
994 2357
3389 3488
3339 1681
2389 112
2515 251
1169 2883
1601 2540
3698 1799
3025 996
1122 2542
3675 3064
2992 819
3066 2754
1316 1361
3361 2379
3779 152
2234 3392
1566 489
1017 3428
948 1608
2306 1016
1065 961
3233 2867
2190 3056
2852 1455
297 106
660 2898
1370 25
1578 728
2932 926
2624 544
265 1056
3069 3375
1302 1547
3475 1619
3442 3620
1400 1624
2229 1183
3597 1050
469 2283
629 286
1346 2556
403 1929
1528 2304
2512 3457
3833 2724
2746 655
1192 2089
1161 561
3642 1732
1978 783
1634 973
1386 908
572 2381
2468 418
140 2458
971 2615
1688 3195
1555 865
3427 760
2458 1127
2764 2631
2482 1484
2702 1753
3848 2968
2879 2352
3216 1974
1083 1809
475 2155
2834 660
2634 2521
2407 3296
628 182
3818 1813
3104 2470
3087 840
32 831
1126 3842
3743 3854
959 3436
950 1630
33 2224
594 534
3493 1235
3861 3617
1187 3034
2008 554
1497 1799
3042 3725
2214 393
2492 2064
2017 3757
1306 1679
1397 1797
3694 2393
3209 658
1615 3188
3074 2685
3461 3094
3578 2447
175 3741
2234 2708
3829 3786
2420 1666
1155 3203
608 2576
1363 3381
2332 3768
2266 3414
3823 3446
3312 527
3837 1166
2985 2118
3324 1813
538 2746
3141 2860
1760 2788
284 1698
3466 176
634 993
2000 1494
3101 3461
1673 1099
608 1529
3066 2191
1247 173
2462 1030
863 3445
414 2158
445 3457
242 654
3616 874
1343 2392
58 308
1379 2049
1759 2270
61 84
3548 1413
2015 1738
2388 2478
3577 2114
578 1771
3847 1709
2804 1898
1288 3853
973 580
395 603
1453 1217
725 2464
682 1828
3017 730
864 3562
1406 1630
3868 3754
1173 116
414 64
1331 1456
2685 3640
1042 1353
1014 3735
1014 1520
1678 2732
1205 2808
3309 3467
1000 1356
3782 3687
616 427
3672 1075
1588 1526
1832 166
2978 1418
497 2987
1687 3720
3098 2237
1384 3682
859 1353
2027 112
1724 2326
554 488
2092 2493
3704 1000
2336 867
2532 513
221 2005
3012 1904
3060 669
1651 2750
1095 2532
923 62
2921 1557
1043 127
2043 1813
199 31
1858 1508
2739 1028
60 101
2298 3729
1648 237
543 1009
2692 3656
1427 2224
3120 1888
3216 135
1318 3220
3465 610
677 3160
1563 2758
3041 2497
878 2655
341 2716
2526 102
2390 3439
3364 1201
1717 458
98 743
131 920
2856 502
2125 70
1242 3346
1861 1634
3203 2007
3659 560
1546 310
978 1021
3311 1311
527 2317
592 3466
3166 664
2383 1450
339 3020
2133 1046
617 2247
3136 1724
1298 3628
1124 2051
1948 475
28 2377
602 2878
2149 2222
3135 38
712 3238
2634 1742
354 561
2038 2620
2754 2561
2129 2509
761 390
936 3397
1607 1121
2980 3547
2708 3088
2954 111
2009 872
1572 2820
727 2765
1422 1075
364 461
441 2142
341 2958
2545 2572
2297 1275
3684 2616
3457 210
430 263
2636 475
3701 799
733 1496
1758 243
1023 777
1369 1185
460 3818
1637 182
1197 1896
1690 1240
768 1490
3698 1962
3218 1096
668 91
1826 2592
2588 2915
652 1544
3589 2958
349 3721
91 982
98 2153
205 3070
347 2894
2866 2105
2308 3504
3416 2249
806 1193
1773 716
3678 34
2836 1445
1012 3247
28 404
3486 1032
1736 2820
824 1506
2140 429
290 3262
1231 3587
3414 2324
2698 2908
1586 3226
3556 2673
722 677
407 3554
295 1098
584 972
3853 2896
2050 657
3734 2716
3123 576
3276 3787
79 3200
3837 1905
2044 3286
2856 986
1514 2074
2608 884
32 2630
2752 111
1880 1902
756 675
763 1388
670 3146
3665 1798
3338 1403
1588 1205
1230 3483
1688 914
1228 670
349 1519
552 121
1665 1425
517 3547
1830 3707
3208 3279
3310 523
1574 3000
3816 920
899 1104
2744 3037
984 165
1698 1723
1412 3352
232 3041
791 524
2549 2532
3497 3274
1929 2824
3438 3862
1922 1616
1729 2241
984 1333
3331 1521
1588 50
1546 3022
2821 1944
3817 448
2470 1192
2049 381
1847 920
787 940
3600 2850
840 803
1227 1212
2980 3105
2366 1485
3510 1873
2433 263
1887 3702
192 2982
1176 3381
3144 3213
2743 425
1055 3091
3541 405
545 3743
438 3617
3513 77
87 2636
672 3555
3022 3223
1026 3558
594 1649
2772 2294
3813 2032
948 1918
2472 312
1801 3554
3220 1932
3719 1350
2485 2237
2817 2710
1991 1436
365 779
2643 3348
936 3786
2290 3718
963 176
1023 227
1470 3656
3215 541
2960 2466
744 2761
527 2009
1568 3733
1561 2791
1098 3555
1688 2566
1330 2104
2696 3588
3098 3339
1398 2504
851 2106
295 2642
1604 623
2922 898
3620 940
1208 128
3807 2752
1517 883
1271 184
1047 2691
2134 2774
882 143
1057 3379
1489 3561
723 1813
773 1405
3414 1774
2693 28
3691 362
286 1546
2372 616
111 2188
369 2483
850 2756
936 2042
81 3477
2990 2880
764 1292
2420 1037
1697 1874
1869 3149
1979 2792
3161 2240
1180 1355
3668 3468
2140 1397
2004 341
165 1377
1520 2214
3029 3252
2979 3660
1273 765
1218 829
3052 203
2310 798
1534 3280
3070 2243
1585 1525
2373 3032
2786 498
518 3343
1735 72
1215 531
3205 3828
1137 2826
1405 1594
842 434
3476 2601
1048 2754
2158 111
2765 560
2297 1209
3300 3836
287 3824
2503 3263
292 1724
3449 1192
3320 3293
35 2556
2249 643
3319 1082
1903 6
1502 3863
1440 770
1774 2107
2694 3016
643 3644
2605 49
3785 2309
511 2256
3678 1954
1119 1129
1800 2510
387 3129
1877 1939
633 2138
2001 19
3126 394
297 2189
328 1273
3072 3312
2444 1757
135 3847
446 3709
1203 3688
1045 96
2442 2916
2538 3378
1170 3245
695 1969
1827 3286
3678 2304
99 1386
3217 697
1637 3162
434 3362
2142 1577
1524 481
196 43
927 262
3601 808
781 962
3148 2260
1892 1173
1107 1132
2325 2452
3262 2776
3025 877
2223 189
1225 1087
1987 3396
2572 114
1658 188
990 1715
3055 756
2619 3838
3753 798
814 3704
224 2441
2717 1929
960 789
2388 936
1540 1135
1774 1302
2410 2681
411 1284
1192 1849
1813 247
3081 1159
1806 1254
852 734
3384 113
2260 2592
450 2151
639 3070
2948 751
2304 2635
3252 3377
2765 815
3780 3496
1765 1603
3009 1175
1973 2535
1892 1415
101 1179
3571 3359
770 520
1649 1657
1116 928
897 332
2115 898
815 1983
2722 3562
1256 2894
2414 3217
1624 3815
55 1477
3730 642
3695 3839
3192 3218
542 3258
2987 3752
3479 2494
246 2213
1172 1210
753 3441
736 1811
3407 3786
671 2096
497 2963
1777 1963
1288 3492
2998 585
1589 2666
362 2509
1303 94
3156 3157
2196 900
2593 2522
413 2511
2443 2992
449 2922
2887 2703
323 3749
3630 303
3712 342
2444 2133
899 1172
3382 3850
1085 1039
1529 2773
3079 3812
739 2388
3614 2924
3595 467
656 404
2366 3647
1788 1684
2254 3177
1079 995
1034 1747
3322 2752
2023 275
2176 1537
813 3734
3430 1302
267 2514
1246 583
3405 1474
2255 2998
8 3751
519 2469
3283 1225
711 2410
1865 3486
3030 550
1151 467
3348 1354
397 2745
63 3394
3800 2683
1257 1388
2895 2311
1921 2371
410 2418
1859 1227
1585 2156
680 2050
3603 1351
2744 3576
2717 3702
2586 2724
2223 686
929 2754
1626 1928
2102 3843
1694 342
3669 3102
257 2590
2050 1209
2828 42
3049 3165
1349 3313
2894 2059
659 2112
1683 449
3494 3515
1813 973
2768 3411
2236 3779
3024 3108
1054 655
2475 1846
3349 424
852 3675
117 2997
1177 762
2558 568
1238 2169
152 3183
625 3632
2430 3537
3149 255
616 3583
1474 1628
1825 165
3246 3305
1181 2803
639 2520
1666 3555
1642 2932
2946 3538
3309 1375
1463 1469
3637 1177
1046 134
985 2110
534 1420
997 3396
3168 2833
3576 2658
687 2187
1162 1248
1308 2534
3338 3015
2858 2378
3682 1364
60 1271
2412 1803
3315 2065
1694 3738
1522 3217
1587 3612
3547 3354
2845 867
94 2841
1716 3268
2688 3135
3588 2897
3118 1965
967 3638
967 3409
1889 944
2980 2260
2286 351
2274 1051
2406 3422
54 675
826 1420
3059 1735
337 209
2121 1452
1650 406
1357 1056
3121 923
2009 2968
438 786
3394 264
3688 482
3836 3120
3581 90
3421 2087
652 2701
2089 187
3312 905
583 2601
1447 720
1942 2914
844 2642
3852 2310
1130 784
734 555
899 851
417 2834
109 503
3359 162
2995 2100
708 2488
2425 523
976 3471
735 2362
446 2488
2003 1059
1547 25
3627 98
392 3420
571 3651
2126 1395
3668 395
1379 3595
2019 20
1265 2298
2693 2445
3192 1863
3689 1915
2149 1298
3799 326
3055 811
2270 2985
3046 3206
1370 2994
754 2725
3080 1807
936 2244
1337 565
289 2625
2818 575
3265 3021
87 3201
1477 3056
1329 2138
1802 143
2431 2795
957 51
2452 3406
2104 185
1944 721
1541 3751
1529 2465
2950 2865
3282 2143
2229 3105
2788 588
1850 305
1130 1147
3449 3717
3685 2267
2260 1600
2217 1001
2258 2988
3096 3858
3335 2154
3275 1874
1578 3000
2077 2418
1010 1496
2717 1058
2309 3744
1280 1091
1679 1591
366 3380
865 3064
1581 36
204 3318
989 915
247 1739
3143 937
2322 1697
3729 509
1721 541
2564 3216
606 625
3818 1749
1426 98
3105 1584
2709 1584
2132 2246
3517 1757
2679 2644
1677 2834
1603 2656
445 118
500 54
2702 3796
809 3549
1659 2965
2443 1061
3633 104
2578 2188
243 1596
1077 3485
2550 665
2884 3399
1597 2208
2089 684
3701 1406
3241 933
1505 2619
3315 3622
968 3434
3794 2802
1571 1926
1051 170
1178 1443
3728 2219
2434 840
2262 3766
1086 1854
1150 1115
1387 3768
281 3406
2511 40
2544 217
3128 1931
2801 3522
2276 668
3805 867
2160 456
3605 2233
1888 34
2127 2494
704 247
3202 3048
3140 2170
860 989
3823 3395
449 1943
397 1753
3547 1999
687 14
752 2395
2139 2504
272 1758
2937 2484
3539 2818
2317 561
2398 1452
102 263
2189 3264
1693 1865
1688 3507
891 2409
2867 1378
3006 2705
3385 1075
2590 575
1244 992
934 12
3828 2813
3136 3754
2458 392
627 3275
2081 405
403 3759
200 727
812 2237
884 1359
3838 2225
2005 43
2757 1856
3641 1122
2645 1386
788 3048
2605 38
3021 1148
2221 1095
1254 1306
400 2414
722 250
2045 115
2239 3364
83 2478
1155 1529
2084 43
1284 3400
852 1528
3827 1248
3295 3639
3818 1428
2591 3257
2123 937
2207 113
1938 3143
749 3241
3149 2538
2189 2459
3737 3691
1189 1298
1669 703
3262 200
1297 831
2233 287
1092 1365
214 3082
3755 1264
365 3251
1134 2530
1196 1193
1865 534
1681 713
3503 262
3222 2198
2379 2741
1895 2628
615 1147
3664 853
1850 3151
2698 2723
1898 1879
3298 2193
3563 3659
10 1976
507 567
1499 1352
565 279
45 1970
81 1627
260 3844
1626 2359
948 3464
2414 1917
125 1670
383 2194
283 2256
1799 1055
142 856
460 3646
1809 3463
2277 2814
3084 2385
785 962
95 744
2189 2701
730 3241
754 3827
3756 1731
1939 311
1851 1659
3490 2255
1945 3280
2984 2383
885 2068
3856 97
1357 2292
3728 851
2090 894
2174 2285
1701 3822
1594 1481
205 3477
1468 1076
1146 3011
2493 2038
466 3252
2123 2239
2536 422
3236 1328
127 1342
2926 2563
2362 535
309 2551
1443 265
2570 3453
1119 1373
759 3016
2681 288
1781 260
2457 543
1681 3291
122 3627
2570 2635
2947 2393
3157 2203
784 2551
1281 1371
228 2333
2482 2293
1157 1076
483 3606
522 565
3507 1269
816 288
3488 2976
2538 3622
1430 447
287 927
1223 383
3805 1606
2606 1053
204 929
3299 1734
3702 2676
2014 1141
154 3552
710 1555
2304 2637
1077 36
2579 2347
557 1690
2331 2245
2582 1827
3370 3371
1214 2485
667 1858
2709 3854
1238 627
279 1453
2935 2625
2524 3579
3016 1301
1789 1144
2195 2586
1200 1274
928 815
3042 1704
1483 845
2539 3564
865 1964
3714 3265
2943 1698
1038 1626
2564 130
1487 1489
3441 928
3165 3208
2019 3713
1255 1331
651 170
1890 1613
778 1406
804 412
2280 2293
2694 2576
564 2911
1056 3602
3694 61
1739 2612
306 2350
2010 1614
2607 1375
3859 1037
3785 3037
3069 3621
373 310
2467 3058
259 999
3485 72
964 2737
921 2101
869 1682
1285 577
1407 274
2663 1132
891 3161
283 2753
1661 3308
565 2173
2743 603
3302 72
1700 2778
3207 3218
3551 2991
946 64
3501 1184
3528 3044
2239 23
2719 1414
1396 2515
3865 2400
1747 2035
740 3113
3054 3353
265 605
1308 187
3365 1296
3227 3052
2389 2707
2924 3014
2862 2136
1444 3202
680 2052
618 3389
647 1875
3871 2565
3226 1366
2056 3729
2978 1301
3511 1764
3172 83
2432 2259
2117 972
1869 870
122 1909
383 2933
139 2078
3807 1533
1680 3563
1661 3321
1026 824
384 3572
21 3520
3369 3751
346 2822
1669 1455
1027 1988
548 3414
2676 3006
670 2882
3729 1061
795 1830
1079 1360
1388 2344
1359 3629
3211 3286
2705 445
652 2461
3873 1190
3857 2643
3358 1764
1777 2341
815 1664
1154 3116
560 657
2149 1166
3107 1135
719 2895
2620 522
3433 1305
2609 2090
3775 3220
384 1370
1686 1112
910 662
2749 343
882 2778
3559 3595
1484 1651
377 3545
3842 951
2493 1851
3477 2250
3752 2189
2730 3484
1486 943
2761 2834
1176 1949
2448 122
3112 3866
1931 1064
1356 2819
1592 1369
2851 512
1003 3189
3805 22
3263 2671
1019 1184
2454 58
3142 2381
2426 2211
2589 3666
1140 2642
421 1494
278 2906
3485 1737
2073 1534
686 1913
2520 2748
1694 720
3239 3667
2165 305
2497 815
2834 3847
1497 1603
221 278
3287 2368
2005 3507
539 3593
1943 2363
3023 3490
120 1394
3351 811
207 1282
3715 1502
2199 3457
2309 3854
131 240
3739 2384
1758 1765
3845 2780
435 3620
282 2624
3506 1099
1730 3652
3244 1853
1267 2430
3062 1876
1673 3118
133 2272
458 1803
698 3707
884 1911
3301 1340
3079 2459
718 2373
751 335
1017 2440
3135 1573
361 3038
3850 801
1818 2425
3831 522
3194 1399
553 2979
1685 2081
1683 2237
2576 3272
1922 3714
977 2489
994 2658
2656 3
2857 1979
168 364
868 3256
3120 2618
3646 1910
217 522
299 2281
3379 105
3721 3252
1159 3139
622 1739
417 2273
1504 2127
1905 2205
2736 147
2610 1994
3771 2026
232 2227
2441 2939
2840 470
3213 715
1897 1563
2781 829
1155 926
1752 916
3658 1102
1858 1312
2412 437
1111 331
3322 3627
450 585
3571 396
586 1183
2131 683
618 169
3715 2804
3605 3161
3271 3810
2595 1312
3048 3509
1952 3835
431 1245
763 1755
3375 1423
2860 1243
3357 2049
2507 1613
3145 2395
1247 1279
244 372
1572 1335
1377 2557
114 2477
3199 2631
933 1119
1557 3427
2779 1025
3684 1131
2827 773
1906 1854
1510 2857
668 1050
176 2345
2242 1022
3293 2643
2039 168
1627 1392
2971 148
2091 2021
2290 689
1252 1222
624 899
495 1014
2501 3124
128 1715
2239 1138
3612 3564
343 3626
1809 2042
1857 2793
3653 1121
1411 986
3006 1310
733 1071
3506 1596
3297 3408
2939 3700
1642 1821
269 2364
2330 209
2796 682
275 3347
2997 2658
3475 3451
3267 2482
2367 2491
1582 3204
737 3112
3244 3289
3679 477
3512 71
1934 394
2963 3010
764 1296
1493 2866
1901 2691
1959 158
1742 1621
2921 2784
1632 1749
1974 695
847 2462
3674 3287
3600 1123
3474 2933
1139 1587
3534 732
1772 3220
2097 802
3279 3660
2723 32
1434 2407
3232 2124
11 1143
2903 3117
3376 2775
760 1941
2797 1378
3626 2657
68 630
1057 1410
2067 3784
3106 2133
3653 316
227 2609
146 3704
731 193
385 1734
2852 2253
2248 3270
1916 2568
2145 176
2198 1463
2205 2442
3115 3121
446 209
1414 2815
3599 201
1782 2982
2969 2020
1135 956
1575 1457
1952 1178
1479 2715
2795 406
1730 311
2110 74
284 1315
2846 3377
1199 1880
2554 3102
672 902
1281 2178
2955 3778
1613 2651
3201 47
541 1385
1848 3457
1717 2745
110 2330
2524 2279
39 1632
2551 167
385 579
1174 3220
1432 3744
1833 3859
508 161
3632 3653
1072 728
688 3246
788 969
612 2433
1503 3395
758 2258
689 438
542 913
2907 3370
1071 1671
3139 2444
518 3710
1517 2660
2782 3863
3707 3130
828 2750
357 1806
3383 37
1095 2967
1884 1178
2605 1463
84 3374
402 2451
211 2920
2208 1238
2654 3045
3385 1803
2521 1469
3870 1323
2531 696
1101 1671
1908 1242
2923 3206
1629 1827
1708 2120
3193 2801
3468 754
13 1629
2384 188
1871 3575
3614 579
1248 2135
2848 3032
174 2220
1361 26
3293 3382
3255 2861
1474 906
3655 3505
358 1748
3123 1695
296 870
492 2502
3253 2973
2222 2462
1857 3761
1193 2320
434 1514
3608 2612
3006 63
1829 1484
781 1558
3254 2114
3267 1824
2919 2804
1632 381
724 529
1718 1616
3782 3667
1277 1910
2884 73
2853 723
3231 1578
2763 1998
717 755
591 3797
2279 902
770 1813
185 894
947 1217
3249 2157
1260 1448
965 3486
3074 2570
498 307
3311 2
914 2208
2086 2429
3658 3264
1748 3831
1724 3245
1190 2786
1587 2193
1298 104
2807 3357
1231 3083
790 2586
3861 2805
163 475
3451 426
2933 2715
1873 3718
1852 397
3860 1119
138 1879
250 888
2710 2414
2307 1206
89 3643
1259 1051
2955 2181
2917 3875
749 720
14 1254
1156 3030
1137 536
3697 2000
3592 523
3105 139
2967 434
1234 1637
1229 1293
1530 238
991 3865
320 3697
2907 3049
3165 1358
765 1832
427 790
3441 475
3866 1176
3768 2819
3212 652
2923 549
1761 2736
944 1053
2804 857
2702 1075
1181 471
1311 3210
3171 1782
2147 1496
3243 3119
115 3120
3635 2182
3709 2131
505 602
3289 1774
684 3048
3679 3686
1960 586
3415 1361
2054 221
2489 2135
3156 612
1487 110
2103 2328
1721 48
835 1416
3192 2780
415 564
840 299
1132 3854
134 1305
430 2121
2250 3021
87 3179
2866 809
2012 3378
3433 2583
1962 1571
2201 1853
315 2548
1175 3406
1963 749
2577 154
1013 3115
2346 1682
2002 1643
190 567
508 3357
2757 2973
2678 465
1179 2064
2753 3497
368 610
3465 2013
920 1315
3143 1962
2632 2978
1577 1881
2499 1402
1153 2048
945 850
430 3410
550 1260
3134 1095
252 1566
2867 2966
2743 1210
768 436
2898 855
3111 1148
2457 2573
1609 786
2307 3797
3420 671
3093 2491
3344 1844
3213 2556
3681 2661
2258 643
1795 1407
816 332
2089 1359
2732 3451
1973 1413
3074 1202
2809 1685
2482 1061
2158 183
64 2161
3770 2891
2355 697
3482 1670
1128 2526
2589 635
2618 3551
1479 797
3681 567
2184 586
809 265
318 2428
1989 81
3818 572
867 1438
2271 3214
932 3782
1967 3217
1145 399
2091 3512
3476 808
544 3673
3560 1216
3358 2250
538 1384
1302 319
1111 3003
2681 3728
2160 84
2524 3744
2039 2009
2166 1067
533 2208
1254 1739
2623 2740
679 47
2007 2242
3636 2379
2786 1980
606 737
2674 1244
2500 1357
1478 437
2486 2176
1247 1965
1792 304
3184 1989
508 2794
2561 549
3342 3329
668 2783
919 150
2762 2525
2548 2273
2656 1052
2233 720
1541 3876
20 532
729 1746
3674 2792
668 1736
1525 862
1963 2522
2410 2982
3126 708
1775 2242
1128 674
1719 3064
2889 2687
1903 2656
3725 744
315 3045
165 2054
674 2160
2933 3696
2365 2192
882 2109
3596 1273
2677 1003
3819 2742
2425 1950
2409 1188
103 772
1751 2908
3361 2803
1188 287
2213 2710
988 936
334 412
2139 280
652 987
2085 3427
2792 3814
3375 3869
2253 3011
1878 1673
3335 535
1890 744
1616 1673
1981 108
3133 1074
1811 1619
3670 3679
716 598
3025 2480
2617 3180
550 1060
1331 1396
1933 1730
2781 3517
2225 1084
2633 909
2884 262
2109 3124
3305 1716
1605 1864
2718 2939
617 3221
1742 1381
1651 3737
842 1353
1506 3319
3612 412
1967 1499
439 2168
1717 1553
1077 469
1658 1912
3712 764
1773 2387
391 370
1048 2626
1893 466
1578 3609
2531 1248
3295 3630
2835 3874
3119 1418
1803 1512
2102 1808
3665 3577
3622 726
542 1478
2751 3651
163 2879
1296 368
1905 1644
1015 355
898 1527
3845 1414
1219 121
1076 1533
350 3644
2118 1873
2087 345
3651 1319
3119 2478
3367 2314
1142 3055
693 1768
359 2646
1941 3674
3851 1609
1648 648
2190 2917
1694 2750
980 1946
749 3474
2617 3664
2856 1960
2496 3374
1637 3384
326 375
2666 3785
3094 2017
2091 3325
2779 2679
3285 1090
1710 3862
2118 718
875 1785
1274 2285
1969 2810
2444 1871
1829 2278
3276 2438
912 620
1297 3171
3778 3588
1106 3640
132 1677
2551 3431
961 2993
572 966
2368 48
1733 3738
2046 1983
1139 2999
3582 3124
1571 441
3518 3368
946 389
2021 1401
1099 1385
1422 89
2657 3039
3705 750
1681 2235
960 1721
2371 238
2288 2684
2424 3511
1409 3533
1928 1883
3834 608
3579 1779
2304 2399
688 2430
1686 3518
1617 3647
2732 2580
3470 331
3394 1733
1195 3429
2716 357
2055 877
436 1162
3292 3442
2526 1694
21 691
1375 98
2149 1707
3292 1227
36 1228
1154 2610
806 3590
1131 2892
3106 1451
3736 1389
422 217
3629 1263
1432 2591
2130 647
2901 2510
3665 691
1555 1907
784 2784
851 1791
937 3780
1936 2767
3648 458
754 3844
3758 855
707 3732
2197 1347
222 2522
330 1567
2310 2456
3313 3851
1623 3704
2721 1761
1193 2430
434 3610
2249 1951
1065 3184
1965 960
15 1640
1715 31
3222 471
2095 3699
3619 1864
2053 2012
3443 3853
712 2736
3398 2390
3222 3854
1025 2967
500 2099
2819 468
1907 3355
2005 1712
1153 3418
103 3860
3090 3442
1865 3129
934 3788
841 3560
2307 2013
2637 1888
3694 173
1267 1453
3500 573
3703 407
3739 818
3145 345
1777 2198
2713 1654
2252 1030
3272 1123
1911 737
3683 694
2563 892
464 577
59 528
2944 1523
2617 1128
3090 3563
1273 1389
1832 1087
2880 1767
1505 2678
1766 1258
272 2972
281 311
962 2924
387 2693
681 2911
616 2287
3415 2047
3752 2864
223 3753
3752 649
1952 859
474 3106
501 994
2065 2722
821 706
1149 1969
3083 261
2322 3058
3822 2815
570 306
480 3796
2118 2733
2362 3359
2472 1541
3024 2054
407 2005
104 18
577 2416
2476 3646
1752 168
2997 2823
86 378
3484 2941
1304 3684
3467 1311
3165 2407
1300 1993
1317 3623
2812 2777
1728 3194
1728 2965
3491 3331
1516 2557
1682 1277
350 1592
809 1877
2765 3641
568 768
726 1354
945 718
317 3401
2739 2191
1936 2096
2335 610
244 3825
2584 1085
2592 2895
3036 428
634 304
1097 1526
1401 2166
3607 1183
1222 2689
520 3171
804 1947
417 1538
831 589
3023 903
2328 2327
571 1187
1471 949
595 3759
1142 1942
3318 262
1606 356
2721 43
2989 1026
2409 451
3737 1414
2410 1319
449 1197
3672 265
1653 3851
3062 1733
3645 1825
2666 1504
3626 1546
1370 759
465 2602
1600 1221
3379 659
3072 3360
3583 1886
434 256
3648 2244
1196 2528
2089 1348
2266 2738
3704 3573
1987 3323
2004 2738
2501 1329
3571 1768
3583 839
902 3515
489 3117
76 1450
3326 3132
2918 1846
43 1044
1987 2276
3253 1836
3021 2267
2487 347
3130 224
2099 1699
3829 427
2232 2457
348 2030
1795 241
236 3546
3486 3242
191 97
3859 1767
1426 2064
748 954
1677 3403
1458 821
2131 1358
1138 2600
45 982
2063 177
901 149
383 1206
3351 1970
2868 52
2840 2434
15 1224
3110 2029
2692 55
1534 1489
973 1193
3273 3484
3559 1626
3380 3610
3481 2201
236 634
1162 3832
697 1258
740 3614
336 1804
497 2661
3011 3484
3718 1390
581 1083
3613 1108
1842 824
2747 2916
2542 1464
3507 2375
1635 2480
3531 2732
1726 2598
2529 2922
1116 3312
1030 2077
3146 3564
976 2780
1597 1141
1050 514
2851 1926
3171 1113
786 2619
464 2605
1691 547
1369 496
1200 1441
3022 761
1815 3700
2608 3107
428 1864
2726 3328
1350 1156
3497 236
3545 1970
1176 1269
3048 1164
3359 2746
1774 2881
1540 2714
814 624
888 573
683 1336
3761 2497
1555 3251
1591 3699
3826 411
1830 1729
1112 2681
1722 3135
1381 856
1207 1494
2547 1003
2962 1770
2321 3400
2316 841
1622 3133
1713 2497
2136 1139
338 1984
3624 3552
1783 1546
1081 1274
2125 2478
3455 67
1894 559
1013 810
2360 3284
1271 3320
1491 2835
2747 246
2374 967
1275 3439
3708 698
3801 1643
2774 1840
275 63
2345 3649
1354 56
3684 304
2586 2543
1035 3494
1023 2208
1126 872
238 181
3144 67
2748 2053
1960 2266
743 3322
2804 3116
3402 1530
114 1313
2180 1488
2390 3018
3116 1661
3668 188
371 2632
3427 3280
2950 3355
245 3230
2359 901
2409 2479
2053 1383
1292 1699
1328 2147
1775 621
2391 624
168 2717
2788 31
3791 1463
301 3741
2354 1496
3555 2647
227 3297
3604 819
1799 685
1644 811
1370 1740
2714 3236
98 1840
891 3691
1101 1057
2319 3609
2369 986
954 1532
2652 1540
3836 832
2621 1961
2146 2900
2502 1781
3362 653
2920 2257
709 718
3228 424
2717 1669
2711 3840
54 2938
1293 2166
3667 2457
2867 1613
1138 77
1508 105
1013 3280
562 2361
3776 377
2406 208
708 200
78 2248
520 903
2978 3817
3489 2535
1521 717
1715 3737
557 1199
433 3644
1720 1866
2878 2381
3160 1313
128 3008
2367 1448
2535 3247
2277 471
615 911
102 1558
3615 1893
3673 3820
2613 1854
3805 3222
87 2189
1883 2274
2122 570
2049 3209
1333 3756
719 1907
2193 221
481 278
1253 1289
2091 173
1556 832
1000 2829
3596 2001
64 3373
986 716
1395 3853
2620 3146
146 1493
3549 3646
1001 2007
1603 2341
1906 127
2949 1924
2647 3545
2714 337
2793 630
1824 997
2383 2681
1559 3466
740 394
1077 16
660 1781
3346 2499
1441 478
2444 3859
1157 719
314 1979
231 3671
1759 3756
2500 233
1748 3338
545 3309
1789 895
689 550
3325 346
90 1453
2586 3390
3785 3714
3599 2312
3361 1208
1685 959
2416 1932
1060 907
1096 3533
1342 556
770 3777
3411 2197
2251 3033
551 2952
3261 977
3765 2725
29 1564
3814 106
3478 2143
508 2730
2676 1455
2886 2268
2772 934
1227 2188
1445 1593
807 3551
946 1909
502 2915
588 1972
3573 165
101 2342
1966 2527
2017 1526
2595 3452
3682 3306
3104 360
1292 3485
1531 1552
1737 1886
2035 1314
2255 1583
1049 51
1704 3695
890 1721
2401 1408
3010 698
2774 1882
1076 1911
637 1275
809 335
910 387
3248 2741
1806 2659
3523 694
2857 2856
3244 2033
3017 593
3650 2492
2218 883
1585 970
3254 2226
1294 269
1091 2384
1411 1608
2519 1548
274 2162
289 2699
2066 3000
253 3271
3425 3313
3630 2513
1219 849
1429 1625
2875 3398
3659 999
2537 2585
949 988
26 3228
2567 2464
3735 1223
2386 3355
3568 2278
414 866
3098 1871
1663 2731
2962 778
3132 701
150 1988
3541 3609
3739 1638
573 2579
3405 301
2691 958
1362 3005
1553 92
668 3082
3280 2521
2739 1120
1294 1329
3336 1110
1512 2720
3102 1697
3372 3278
354 2168
209 1750
1596 1859
2302 853
283 1470
78 2987
3669 2747
759 1399
1831 2436
986 395
248 1183
2130 2998
406 1769
1971 2187
2675 88
720 1178
2659 80
2211 3071
2144 1849
2020 2308
3565 3040
3651 74
1364 691
1971 3126
1109 1404
1502 3550
1247 62
1634 1225
92 10
1632 398
2488 1551
3348 423
3159 258
3699 1700
268 3124
1654 3540
2055 437
188 657
1136 2153
2634 787
1142 655
1909 1322
101 1671
1506 114
377 263
2367 3597
3568 2533
1990 3610
2494 3143
302 1846
1601 122
735 1176
3130 2307
2717 677
3319 1011
2292 1962
267 3811
3724 13
1811 871
467 1361
1470 578
269 3591
646 1592
2595 687
3510 1481
3152 3759
893 1240
2061 228
2613 2956
3496 1088
101 2960
1064 2519
599 2190
934 194
428 2537
1567 2581
3284 1848
2353 521
423 2193
1913 3255
513 137
1128 2396
1763 2641
2250 810
2594 2798
2582 1283
868 779
2702 153
4 1199
3235 2602
1648 1644
3642 482
359 2824
2563 2209
1795 122
2622 803
2400 1922
1345 3040
961 1882
3490 1027
3471 2963
417 735
1585 1709
1626 3696
3267 2675
273 2676
2649 3565
455 2424
3421 109
3123 681
2039 2818
2400 57
1034 1313
2097 56
488 1783
2907 3308
3821 1248
2974 3032
1341 3456
1566 1817
3345 2487
325 3482
3792 3701
2978 973
263 389
727 3004
1649 2525
1007 1072
2930 1161
3768 45
3468 1510
2874 1000
828 2497
2913 2914
2025 2223
1285 3645
3212 1261
1027 3646
3795 3302
199 2969
1006 2540
1269 3408
980 3534
2704 296
3127 2385
2191 714
1604 3398
2323 604
363 2848
3871 3068
552 3501
581 38
1073 2715
238 867
1094 3003
1247 3245
2930 6
3179 2925
2912 2581
2786 2213
811 1402
704 3491
3027 1107
862 172
3181 2742
3525 566
1677 1782
1391 3411
2580 1061
3566 863
830 2849
1981 207
3634 2687
72 3399
165 2166
1357 3763
514 2320
1152 2082
228 1697
2272 2113
1847 3361
715 1815
1494 1782
1955 2177
3497 3621
1306 1731
2137 3874
1614 1618
1521 1161
3401 2866
3414 590
53 3278
2651 833
677 1681
2769 3040
1341 678
3822 1812
2421 3754
100 357
1939 1795
2374 3184
359 2274
1657 2311
1407 1382
2522 1069
822 463
1888 1197
2397 1303
1530 3438
2700 846
1096 2917
2242 1954
156 3756
3482 2050
803 3338
594 720
1841 38
273 1308
1584 2856
1682 1213
1448 3261
1286 984
1501 643
3548 539
1010 820
3503 3277
1710 2443
564 3443
3128 2168
755 301
2515 921
481 3179
696 889
1871 856
3517 2128
3179 1086
2783 1086
2745 2551
114 389
1621 829
425 22
3843 3466
1291 2388
1561 1983
644 2540
1435 3793
47 335
179 2706
1934 2494
3666 1820
238 2761
3839 3697
3820 3455
1941 403
2803 1859
3209 3301
2448 170
1370 3031
2283 1042
2018 1525
1276 888
3356 732
3779 835
498 3775
2800 514
1607 3388
2643 2782
1669 819
1937 1802
2892 3486
2324 1982
2938 1387
3478 843
3862 311
62 3595
456 516
142 3295
3657 2242
2898 2190
2836 2544
682 270
3539 1203
3169 2195
163 1139
2513 578
2426 1333
2567 3258
2388 3027
2290 240
1109 1956
2924 526
756 606
620 3714
219 2616
2845 4
833 560
251 3359
1815 2347
3140 1615
244 2151
705 1314
521 2954
2988 1975
1823 2467
2719 1033
2394 1236
30 1404
1683 2164
251 2541
2727 2614
910 3409
2624 3684
3057 1028
963 791
3657 2255
2819 1156
2898 217
694 1569
432 3784
520 2436
2789 230
2197 3324
2555 817
2594 1940
591 1333
42 862
799 50
3684 1045
3589 1976
1106 2947
1698 2593
3611 2260
278 55
622 619
59 1445
2034 1990
864 2367
291 519
3520 3539
1837 2873
1112 631
2655 3505
2451 3446
2045 2004
1286 1952
560 3309
1919 3356
3385 1809
1867 951
967 2909
387 2334
3214 1927
760 1613
2121 1770
636 3038
1828 3174
1754 1010
3485 2161
2380 1701
549 2332
2975 2813
3818 2041
3121 2867
1144 3481
2641 1476
3122 1291
1728 728
1050 3028
2218 1824
2543 2109
258 584
728 762
3176 3742
1020 2856
2491 3639
3062 2408
322 3494
3278 2972
2359 2702
960 1270
1194 1208
2247 17
1488 3375
2101 2178
2930 1471
385 1298
2780 2466
1066 1925
2702 3041
2146 608
450 3679
1273 2669
1280 1396
2455 3349
1710 1209
1309 636
209 1752
168 1714
1873 2664
493 1282
2673 1293
417 2455
2865 1234
1777 3370
3623 1815
1400 3154
2064 165
3533 3090
2196 321
1740 2256
80 554
47 2363
640 891
2973 1181
277 2825
2624 1027
3637 932
3209 1946
526 1580
3284 548
2842 203
1694 339
398 2297
86 2476
26 210
3645 3681
3462 527
1325 3101
845 249
3348 2640
769 1688
447 3623
3298 2819
2505 1722
822 2746
266 2528
3406 137
1138 13
2786 429
3865 422
3175 3651
960 3619
2961 3170
2190 1795
2164 345
742 3167
3593 1131
895 2177
1960 1518
2550 1320
1091 1594
889 1874
2644 201
1563 3804
2029 3311
2590 638
3020 451
909 1065
2328 3607
1894 3086
1605 2983
3349 3107
402 968
209 839
3314 3823
3568 2656
1386 2801
3382 22
367 3118
3175 1678
1442 3864
2130 3255
1553 2685
1183 2886
3769 1370
3390 3000
1532 3794
3447 3534
2234 1097
1475 2994
2282 2040
2958 862
1764 653
2536 3613
1464 2347
2276 276
528 2662
605 2357
1761 1816
3863 187
3092 44
3598 441
449 1322
1319 653
3805 1185
3288 2844
1230 2301
1868 2817
3874 726
546 2837
1010 3466
1820 2517
2864 3721
3843 3776
1931 3516
1506 600
1924 359
1898 3110
2285 72
1502 2881
2039 605
1765 1534
1362 2578
2857 1732
1367 441
1554 2748
3125 463
556 2185
2277 662
3622 1269
544 2619
1247 790
1336 2296
1360 667
147 2394
3375 116
71 1618
1948 2823
2593 346
1920 1529
1739 434
3427 1740
3863 2536
3859 3060
2839 752
1362 1652
3540 2785
2862 2870
3192 1284
2589 2977
3580 2332
600 2268
3069 2153
2530 1350
1480 2546
3503 2085
807 1514
3525 1615
1030 3249
3198 3206
3733 332
2181 2364
775 1976
1429 514
319 1696
1964 3827
1769 1373
2821 186
973 1439
1740 2069
1382 1607
3796 3771
3085 3679
3558 1913
3868 412
3341 1915
323 768
1742 1132
1584 280
2583 2236
3450 2087
711 126
3747 3505
2749 956
1921 2531
2365 1259
3456 2804
2251 191
3155 3630
986 3485
1423 39
1638 1684
760 3667
2553 263
3850 1159
3141 699
2802 3219
3380 2930
2726 2406
3650 576
3290 2219
1650 1371
459 2628
1276 635
3105 3112
2351 3404
785 583
2648 2873
974 3222
1937 3535
1782 1675
2071 1549
1359 1572
268 2013
75 2638
916 3217
2141 2547
3830 749
1399 1910
2450 3302
1447 2624
1664 1161
1068 1810
1685 695
802 873
1590 3612
2624 2371
3145 3800
2638 2306
2490 1388
2947 3061
1932 1326
1390 3258
3277 1475
3848 244
2647 3294
2203 3546
663 2821
604 1531
3013 382
3472 667
2059 3538
1871 40
2351 1431
9 3344
1497 3505
3532 1886
323 1962
3793 1890
3848 365
1754 2380
1568 3156
1181 532
3624 657
1516 2966
487 3053
1872 3796
1218 3043
2049 985
2985 441
1875 1623
2038 2553
2759 2838
2700 1440
2287 1796
1855 3334
914 1585
788 3166
828 84
2350 3313
2811 2476
495 3587
1978 3441
3459 2431
432 269
2040 3501
839 135
1362 176
1358 434
3371 1500
520 2075
1452 2284
2290 3154
1120 1545
3730 2372
1214 1180
1126 2528
1232 3449
3522 622
3241 2595
2178 1637
2072 1884
1925 2625
3703 3528
2777 2316
2660 1502
2249 1702
3835 974
3317 1277
2322 2675
1978 2636
1918 370
3375 1218
1663 1312
1040 138
2812 58
45 3485
2082 2464
1161 1596
3193 689
696 1496
1112 2606
3538 3841
2163 588
2595 999
2342 819
3200 813
2133 2631
3513 1044
997 1838
1372 732
2724 66
592 3775
2851 2093
3140 1738
3482 2899
636 3027
734 2138
1558 1353
1383 2318
682 1682
1897 2539
3595 332
3654 3356
244 3442
2038 943
3619 1857
574 2663
3730 870
2541 1005
3081 461
316 1517
2456 2624
68 183
1326 1905
317 924
1003 1629
2166 2296
1871 658
1332 1841
2607 1480
246 1394
1218 278
3547 1809
837 2801
976 1913
1005 2614
998 3658
2770 1363
2921 3747
2033 3056
3734 2315
3347 3855
293 1590
537 2216
3075 952
594 2750
2753 901
3773 3734
3 3514
2353 3411
1116 2566
1412 1433
3485 2513
1649 3066
993 3664
1874 3184
1832 1201
1663 1688
195 422
2342 2471
592 58
2963 603
1117 697
3556 3103
586 3690
3657 1694
1947 400
1771 440
208 2283
2580 3696
2083 2661
235 1891
890 2088
2910 3867
1290 2961
3136 2867
903 3518
180 1174
1006 987
1873 2787
570 3803
1859 408
537 3397
2476 1545
740 1016
1211 3082
543 2165
1971 97
1219 3202
431 1429
2554 152
1225 1933
2556 198
44 202
388 1998
1852 1573
3787 3214
1158 1879
3360 3635
2455 560
3489 1305
1159 2518
1918 1109
1025 2289
1857 1099
897 3043
2210 234
1296 537
955 2459
1729 1853
3427 1366
3676 2070
503 1840
2166 3022
2837 3715
1063 716
634 310
1389 3101
665 3824
1838 978
351 1419
2987 1444
2896 1851
1975 983
3100 3307
2031 1292
164 2495
3832 718
2579 3083
817 1599
909 2585
923 305
3383 1831
2779 633
1946 632
2961 2596
3448 2714
1474 2808
3671 2234
710 2412
3076 2842
2329 1336
3378 2884
2614 2488
2137 119
2890 622
2525 2150
2866 2214
2129 1921
2774 410
1965 2981
1814 368
2051 52
1003 3307
1588 2011
1646 232
256 340
1202 2470
2918 3020
1581 22
2732 3567
3095 209
2188 1454
994 1245
1360 2534
1833 2983
1525 2830
1463 1952
3010 1562
1329 3184
3502 977
272 442
621 101
1870 17
650 802
3279 1871
1374 604
3617 2132
3429 3064
2512 1177
674 3081
1565 1074
2778 1296
1850 1701
1253 3697
537 2029
2508 2869
1325 1506
1858 20
1421 1968
3468 3850
2721 654
3190 3842
3672 876
2459 654
2560 1460
1245 1190
1250 1039
1200 3433
1563 1270
1451 800
1365 1026
604 2096
1072 2201
984 3549
3391 2556
2204 549
3649 865
1579 3466
1995 375
696 2853
2112 1714
1386 1085
542 171
628 1406
96 1811
1763 1974
3714 2162
2086 1661
255 343
3810 409
3806 2919
982 3826
2687 3756
1257 3536
2257 267
3561 119
2198 3070
1427 978
479 2222
3867 162
1583 1491
3837 1451
2622 2580
3577 2278
341 302
2419 3712
142 2573
1066 2921
2217 316
3579 109
403 2348
2221 3175
2176 3698
823 167
3827 3099
358 2053
795 2579
1629 2482
1290 801
3840 823
2804 2183
3616 2098
2219 1035
1031 2038
2428 391
2333 1551
3169 2052
2992 2419
2053 2665
2817 2832
239 2711
2770 505
1531 3263
2085 2617
1789 1572
3778 2052
1949 1561
2749 2139
3325 3467
3658 2630
432 3291
535 760
3343 3292
249 2123
1383 1823
3501 202
794 1694
1085 180
2234 3127
2303 746
1148 465
2079 1792
222 1202
1546 474
2690 899
1086 2216
1499 2385
1948 3672
331 3360
1781 3266
3161 2699
3778 1355
3852 1304
1787 48
1823 1
1327 63
936 2164
485 2228
2511 2967
1477 2747
1862 2558
434 2182
3209 3305
2006 3734
310 160
3171 798
1295 2447
380 899
3071 1614
2532 3026
1772 3567
608 3466
3137 2611
993 2819
3684 2780
1657 2570
2313 3369
1484 3810
620 1490
3426 1438
2961 3590
793 3633
1858 759
2634 980
554 907
359 2883
1711 3449
2080 808
3797 563
2436 1409
3301 3365
1167 2009
2433 3555
2717 1099
398 515
1175 3819
48 2617
3448 1843
3850 2826
1861 3100
1900 59
3875 604
3247 1035
630 1023
165 3138
3527 1089
944 2876
58 2029
2250 1111
3148 275
2554 1751
1496 1137
3292 1451
526 3302
562 2959
810 846
2220 3568
2399 3799
1473 2587
76 1524
3035 2734
3498 2724
2722 2274
875 157
264 3
1785 1132
1339 557
3486 2606
1030 3185
223 1399
2630 1638
56 993
2798 3666
2072 3525
871 2374
2951 232
2211 1654
2574 16
2637 1762
3437 391
1646 192
223 2338
1479 3196
1705 735
2857 984
1351 3132
1733 2002
279 2620
1024 2737
1657 3175
771 2328
542 3488
559 688
3661 2206
266 3095
245 1989
336 121
3352 3851
1719 791
905 49
2887 3751
767 573
2111 1315
1691 2944
3482 928
796 1045
2843 941
2005 1828
3154 1062
2376 2000
1209 1857
2009 2472
357 3563
1198 1964
890 1848
453 1056
1296 2270
1807 3240
1368 160
1839 3192
2095 674
1116 353
2836 120
324 2110
2700 1013
3481 3564
950 2801
1435 2321
3317 1884
1500 464
608 822
3624 351
2426 3110
26 3584
2163 27
418 2159
216 2927
1749 387
1004 2219
536 2114
2062 1372
2544 2607
1895 2198
155 2688
788 645
544 19
3728 1576
2594 3596
2549 2133
2258 1432
585 3440
622 2275
3065 2171
2064 3552
1895 333
3839 1299
3023 2174
3291 2928
1073 3379
2475 2076
1010 61
905 533
2452 106
3601 838
1691 1213
1500 1645
1078 2447
3244 308
3440 1415
3832 478
2579 1086
2536 221
992 128
1434 2459
1262 1709
967 3518
837 1422
3416 3165
2544 755
1069 762
1969 2510
840 1693
3352 3409
3498 1248
2950 2840
1952 62
2404 3835
3822 3294
597 2874
3412 952
1194 2635
2102 2221
715 385
115 2312
1579 2153
1266 902
1436 3565
3592 2990
3644 440
3642 596
796 495
3764 1259
1881 3686
3013 2788
896 3062
509 438
3234 3659
820 2249
340 3598
1749 2749
3611 199
1634 547
559 3413
1409 1597
691 1317
1878 355
3330 3074
2172 573
1728 1350
57 1445
3618 2723
1951 833
3838 2763
739 3465
1216 155
3492 2089
3629 374
3658 3061
3154 1801
363 1673
2586 297
3301 2265
1783 3622
3275 3259
2447 2619
747 2013
3154 2969
1293 1543
401 1376
452 2095
279 3601
392 509
3835 334
3499 156
1630 2481
458 2031
454 3080
746 2434
3404 2255
2855 993
147 1351
2786 3374
2922 2740
1179 3484
1050 630
1500 1324
1185 2252
3401 1691
1200 1557
2666 1996
3760 2267
637 2383
735 740
988 920
3469 2091
1726 620
3288 2982
707 412
187 642
813 3548
2790 756
3676 2798
195 466
3127 3788
2504 133
2089 1840
2216 3867
2183 3690
1254 1978
3817 1727
3597 3444
3767 1381
1905 2433
525 1805
2689 2515
1992 3341
1999 2068
1111 1377
510 1911
2802 177
720 3441
1522 2897
3134 421
1196 2912
2135 1848
2632 668
1639 2664
737 1580
568 2791
513 640
1805 1155
762 1344
1978 3298
3184 363
1687 2368
1069 3487
372 112
3194 593
14 2353
129 2340
2789 2759
2037 1663
3522 2344
2338 608
2033 2187
1224 2314
391 3508
2884 3750
2335 2525
2749 1081
3478 2688
1795 2251
716 1763
2106 3604
229 320
3740 3856
3136 709
567 1640
352 25
1022 234
1557 3547
951 3737
3477 1941
149 834
3430 3815
2905 961
2965 1995
3016 1960
2190 2901
2850 207
1876 2216
3149 540
1254 3630
1548 172
2843 2419
1360 121
2210 291
2627 1074
2343 1315
416 2238
2336 107
1892 1150
2769 1194
2120 2734
3219 3874
232 845
462 1307
1200 3222
1434 420
2196 514
2168 2896
1796 3024
3601 906
1003 907
2102 2276
3222 2307
3468 1545
2289 153
2363 627
804 3178
1571 1593
3768 790
2835 2837
1955 1970
272 1304
403 1787
325 2133
1523 1000
1929 1459
3486 259
3224 259
1390 3625
1617 369
1897 2638
1083 1896
3242 2787
3336 1668
3016 2215
894 2411
3628 1776
2838 3377
2559 1747
301 1079
2001 3634
1636 2984
1146 2891
304 2316
3053 2255
3347 221
2254 3033
3009 1394
2441 2859
2723 1791
1541 653
658 2255
2547 2797
2972 2266
1492 1663
3025 1109
3455 922
3790 912
1310 3349
138 2899
2982 1907
3498 2726
1688 262
2314 3205
2928 2610
122 1642
1603 3867
2212 2928
742 569
2342 5
2861 570
2302 606
182 1629
3411 219
2031 2772
838 2199
1927 2651
3532 1448
2429 832
830 803
178 877
1199 2592
3176 1520
656 2838
2442 2693
111 823
706 2201
2729 3689
1184 2728
3 2458
1090 2541
3542 1991
3182 1685
467 872
2990 468
3612 2437
2566 2126
2719 1173
3039 360
697 2502
3572 3038
406 1764
826 926
1715 2485
1784 2090
3631 1403
2961 2103
2216 1949
1185 2670
2768 476
3145 234
1398 1502
2666 2414
1443 750
799 648
3776 1003
863 175
1535 1736
905 3555
3277 1521
1453 2377
3169 3156
2825 3346
2420 1082
1919 800
1081 1687
197 206
830 2105
2287 3707
2557 3302
3572 1065
2531 132
442 2225
1667 3733
1761 2843
2353 274
1028 3517
3734 2332
1091 3802
2235 2204
1564 1282
122 1200
3702 3282
1131 1400
3096 3472
1165 3199
3598 421
67 2469
1765 2440
3694 2869
461 2588
1159 415
371 1648
1651 2863
2764 1952
479 2642
2810 82
1103 1045
1015 2393
1132 1746
521 1592
15 966
3475 472
3421 3124
2020 3605
3298 21
853 3233
2492 3829
35 3540
353 2129
1318 2515
1189 2630
2103 112
1791 2735
1122 1179
203 3353
3399 1766
176 1944
238 2593
978 3120
2633 277
2225 2438
1041 2651
2235 3385
516 322
3191 1773
2520 1568
2580 1619
2503 1335
2487 344
2034 1796
289 3662
2474 1048
442 494
3226 2898
1371 957
2582 581
3549 1602
1802 3624
1320 3621
3553 2475
1473 187
1258 2248
2333 816
2174 234
2888 809
3244 2659
683 3185
3761 145
1987 3562
311 1327
1927 1296
3389 273
947 3231
3834 889
474 2553
3335 3191
329 1906
2378 2400
3432 2306
2618 3550
3600 1890
3237 3824
3254 3202
3431 391
268 2569
1054 3478
694 2677
1162 2782
3584 1801
779 2721
239 1050
3635 571
1105 2891
2965 1271
2394 2465
3550 2190
1891 3342
1182 2882
3121 1747
1844 3230
1237 566
646 2084
2774 2871
2295 887
884 155
2813 2570
3511 2612
2126 1640
1147 565
1604 2467
1031 619
3593 695
630 2261
382 173
602 213
2178 1012
1671 2642
3298 1686
2634 2460
732 178
1678 322
3073 292
3184 3506
280 54
753 237
1384 3487
28 3445
527 2109
3287 2732
42 1165
101 2526
2897 1234
1068 2729
3824 3085
3731 2857
1572 276
66 2919
1953 3351
1213 2558
2500 2766
3324 1981
2870 2299
2090 616
2434 1180
3494 177
1697 1853
3746 3367
2987 2295
1442 3320
234 1227
3372 2631
309 2044
3478 2798
3428 991
2024 1201
1444 3366
1783 846
427 1770
3443 2282
87 884
2425 1252
2833 3706
1384 2453
3679 2451
3849 3091
3758 3727
1853 1440
325 2109
3490 2929
3627 3163
148 1429
1082 3027
1039 2391
3365 1702
1911 105
2480 2477
3524 3681
401 3043
1318 2220
2758 1438
2713 2190
1349 1506
776 1873
3209 1310
2909 789
1472 593
1446 3573
1000 3752
3682 2927
2512 860
3568 2825
1825 1391
2434 1435
2377 2621
1496 2872
3144 548
3858 1877
2970 3135
1655 650
1039 418
1622 473
605 1129
2792 2082
653 611
854 2587
1232 3442
3221 1670
2417 3602
3503 2588
3809 1877
1099 3586
3026 1202
1758 519
233 439
45 3357
1841 3671
1127 652
1131 2757
1938 342
3237 2590
1463 1769
487 3180
2557 350
2410 566
2842 2963
2317 2095
173 509
808 791
1596 312
54 1083
3662 2473
3736 436
1138 437
221 1489
1138 2881
1628 301
2106 828
781 136
3472 97
617 2657
2284 3086
1671 2334
1033 2077
2884 3081
1569 71
3298 1149
596 1258
3777 1083
1425 2537
408 1207
79 2200
1471 438
2904 2915
1159 846
3220 2663
2038 1754
1886 2114
3462 3179
1055 1957
1485 1541
1409 2943
2851 3025
1679 2575
3613 342
1490 1885
1223 1541
2480 1806
3132 3718
2841 765
858 1793
3476 3198
1917 1585
2356 2938
1810 3408
2419 483
1777 3231
55 2637
3833 2718
3501 2208
3280 290
293 1233
2364 1752
3326 2392
2737 765
3096 1112
3548 455
1717 1123
1927 438
1959 885
3566 1263
2121 718
1403 2653
3010 3031
1480 2836
1516 315
1110 1842
3768 3612
2270 23
994 1667
667 1272
2711 1651
963 2088
992 803
3439 175
106 2925
1568 1902
561 3734
745 1111
222 1824
1278 379
628 297
3406 3381
70 6
1322 1388
2516 3583
1375 460
2638 1065
3195 2151
2980 11
805 869
1695 438
2033 1894
388 1978
3547 1815
1733 2127
513 697
573 2926
1664 41
2004 2590
824 64
894 3018
2071 1368
1240 1211
3078 2919
1531 3309
2183 1774
1608 3529
383 1755
3843 2227
2236 2603
669 2526
178 3457
1012 2865
346 1055
3570 1516
681 1045
2642 3412
3843 2348
522 2220
424 3863
586 3696
1671 2952
482 2821
1729 2893
1442 1402
2314 3812
903 2814
2675 2542
869 3203
604 3457
3618 136
2499 1269
2125 1028
807 3227
2013 329
2699 3249
983 2406
2216 99
1341 1333
3756 3870
3496 2482
3838 3680
834 1007
1610 1228
2501 1436
1981 2861
847 1471
2710 3007
1127 1525
3661 1768
2866 3254
2105 389
2695 3372
346 2128
2534 1963
939 2642
2305 1911
3012 46
195 3127
3242 2723
1755 3164
3411 3175
524 3302
1630 3398
3213 2436
1311 420
2902 36
1239 251
2560 43
397 201
1106 661
2759 3370
1718 3403
2733 1920
2335 864
3775 2297
2467 983
545 1496
897 3641
2442 2387
828 1555
2478 1815
437 916
621 3477
728 3832
3182 1379
1896 3796
3037 466
2443 1979
3152 978
3420 2190
803 1912
2559 3322
131 1519
922 557
655 213
2240 832
2052 2996
3060 342
274 3261
2660 637
2071 242
2919 3786
2506 2156
3578 1207
1339 1784
2048 783
3713 614
1557 960
2011 3345
3814 2386
73 3621
1027 1899
894 1784
2026 886
16 2040
152 881
28 1111
2210 966
1203 3293
1268 1207
3811 1041
3472 3561
426 1157
3755 880
1215 3303
2416 2239
2650 191
3663 1557
1612 724
2709 2986
1107 737
873 1553
2810 823
2696 3690
1746 1892
1840 1261
3166 1626
2464 3340
3254 1244
210 1653
1777 2373
3014 1003
2754 369
517 1810
992 871
1890 2021
832 653
503 3861
1919 736
1972 333
819 162
2474 2715
2059 2473
507 2519
2523 2836
2435 774
2511 1321
2294 2784
3576 1645
382 538
1089 925
3565 998
3097 1647
464 1632
3469 472
765 2935
3000 667
3633 351
474 19
3538 1245
3684 2760
1114 874
1964 3259
2497 3759
3252 659
3334 1186
255 2806
3333 3213
3230 82
613 70
3498 1065
2693 1540
1244 2273
1844 1514
1871 156
551 1528
3302 1769
1939 2505
29 140
3487 768
3585 1599
284 2581
43 1206
187 2648
1625 3254
2272 2836
1204 780
168 2140
1927 1340
1249 1691
2261 462
3189 2952
1998 991
2401 3367
3853 1656
1203 3682
1492 1533
2639 3653
188 2361
582 36
3496 3718
2448 3792
1388 3812
2193 570
1221 437
730 3354
1475 2010
2340 3212
1295 2574
2747 1092
1052 2816
326 726
2924 1691
2184 1918
3218 219
2820 3556
1359 1017
829 34
1040 2469
2878 528
2756 3019
1617 2709
3074 1608
1467 964
383 1152
3526 685
174 2439
1516 1122
2980 926
1488 3009
870 2142
1355 1433
2031 1716
986 3522
577 3088
1953 2816
3238 2389
2873 1739
1673 3405
3755 1861
2714 2914
1869 607
721 743
229 806
260 2105
3148 402
661 1631
2333 2404
1841 1713
165 2218
3459 1166
706 2313
782 3089
2538 823
79 3612
3054 888
2305 1524
2886 2738
2900 421
2521 1822
2072 498
346 2909
3495 2553
1485 2953
2574 3405
202 2635
2142 2176
2913 67
25 2975
1811 844
2630 947
606 217
3383 1450
82 3509
1841 2184
559 1862
2508 3172
2544 2829
3578 3611
1718 572
1809 690
1316 3009
910 1567
1130 1570
3528 232
1107 2081
3170 524
3471 3633
15 3051
249 1003
3329 2008
3376 1531
3835 1816
3637 111
3523 2224
918 51
3719 3856
228 836
2545 2542
396 2635
3364 3399
2672 2354
1736 454
1436 2148
718 3854
3443 1413
440 1365
3055 779
1539 519
2151 3527
3194 894
336 490
3708 1115
2080 614
1291 3608
2908 2193
2936 3689
300 3398
486 1602
2962 443
3050 327
419 380
1645 2793
3064 1659
2714 3532
1814 1518
1155 650
2115 463
3647 667
363 2821
3497 2076
164 625
1358 2591
1387 2097
2206 2163
3785 493
2997 972
1734 892
453 1667
1143 653
2510 561
2579 166
3618 501
824 1610
584 2123
112 98
862 1313
3047 685
1108 551
1297 1012
1453 1000
3062 1976
2413 3782
3662 3698
1847 890
1148 3104
629 2539
1683 1987
2419 298
533 3245
3721 77
2475 1627
3602 2600
2385 687
904 1202
2717 931
2918 921
1221 1781
2422 1508
572 1372
1209 266
3208 3383
1279 3708
2251 872
3008 585
1695 3394
2185 252
1992 877
476 2832
919 140
2858 3206
3334 691
3428 3773
878 1270
730 389
3381 3432
3374 275
3470 737
1204 1211
1749 1011
3152 3316
459 2491
2507 2760
3259 409
2087 2174
1461 3469
12 2445
1414 1142
2478 3227
2332 1712
3364 1105
1038 3780
3160 817
1649 901
675 2910
2332 665
3844 3435
399 2975
3298 1690
3785 1808
3869 230
3819 638
1639 1381
3617 1672
2870 425
313 464
2045 3237
1054 1630
1771 490
2089 1028
3379 1507
743 1216
1080 2033
1861 2598
2651 14
753 3624
1405 1335
2886 2806
3423 530
816 940
3071 2522
1481 1559
750 3326
2324 787
2577 1004
1303 2492
3319 3038
2414 2703
1870 1785
158 647
1113 2331
1898 800
836 2696
2849 3762
2675 3875
2890 3571
1202 50
847 2562
1552 3317
79 1707
139 2475
3685 1001
3160 2348
2391 854
2064 2674
242 947
2646 1898
2041 1495
1232 868
3744 1352
793 2218
3300 1604
1037 2578
376 883
345 1533
1069 2796
1320 163
2256 3783
3508 1755
874 2062
3551 2125
2582 2492
2253 3256
2201 851
2521 38
406 910
3544 365
1231 3504
119 3297
3839 1481
2708 803
3115 3113
6 387
3223 2646
3584 3820
2923 2125
3174 3693
953 1658
748 768
300 83
3526 3357
447 2991
3787 1183
1617 2348
1883 518
1926 3103
3825 886
649 3125
574 965
2040 1404
803 559
510 1246
2036 2682
2705 1794
2383 3729
299 2194
256 1329
944 3689
2057 1987
88 964
3565 1605
2560 100
3079 2614
1771 1337
3872 2250
3046 222
302 169
64 3495
2799 1284
235 344
1635 2644
2683 1109
334 94
1621 265
2701 1392
2422 2731
3150 3204
264 2213
2177 1880
1346 3709
687 2841
2877 1325
286 2497
3231 3543
183 2261
85 1689
2796 353
2701 1513
2300 1169
812 2728
1739 378
2666 3212
3103 1035
799 1217
1597 3412
1690 3640
1965 132
506 406
2322 3853
2664 1338
1067 3368
3274 1267
2278 3517
3274 1038
3136 1562
507 2213
2024 3112
773 2369
243 1874
2725 3159
356 2983
3 1633
2047 1783
454 108
226 1153
663 1679
1468 2601
3770 3541
2481 1752
2097 2809
3016 2584
15 1643
777 3363
2740 2622
63 2330
3547 1927
2986 1860
2801 1585
2830 300
2448 1955
2599 1599
1042 3553
495 2337
3802 2567
3843 124
286 1705
530 345
1903 1788
3012 1889
3201 1825
2681 2284
587 2047
3651 2519
1736 2779
1335 220
3487 3845
3133 1132
3779 2970
3356 652
3328 3034
3330 1417
3388 2819
1239 2912
578 3395
790 834
2644 3341
1481 459
2002 1622
3270 2571
2974 1489
704 767
893 1457
3370 3152
2040 1096
2432 159
2640 3306
754 1298
3620 65
1297 2974
734 3800
453 3521
1635 229
1628 3488
1669 1799
239 559
2945 1323
1009 2692
482 2946
3364 260
2259 2015
2433 3134
2648 3059
1614 62
1142 1235
3360 1538
590 264
2472 847
288 2114
1542 1879
234 831
1340 698
2343 1376
1305 3629
861 1895
147 1091
2371 162
1646 3141
1537 2151
2779 859
1557 2803
3010 2714
3062 2904
3693 1724
3323 730
3156 1785
348 973
3269 3648
374 3591
2714 622
2721 3779
1425 1307
2350 2560
3733 1244
2186 1634
1804 1340
1931 2347
184 205
774 3417
1615 3804
1866 3386
1195 2427
606 3052
2751 1039
3195 558
1875 2159
3609 3544
1908 3733
153 976
3756 2022
2474 1175
306 989
944 1771
1116 2255
2397 928
1438 3474
3019 682
756 2888
1268 2245
2942 3616
1615 2060
619 3556
3036 1036
3008 937
3125 1522
1781 2766
184 1615
2908 1524
662 3374
1178 258
496 1621
2005 710
713 1326
3132 2851
3096 942
2292 3857
2873 870
815 2276
1417 624
734 1385
3533 3131
744 3793
2886 580
3837 3771
3610 345
2500 2759
3504 858
378 3443
1715 1257
2167 600
1145 875
3593 2098
587 3028
463 2504
3543 2506
2916 1361
2983 368
3764 933
1437 2417
16 997
566 646
323 3103
896 2507
1971 3290
2485 1525
2218 1181
2695 2826
3822 1813
143 1186
2643 2636
79 3682
3592 1988
1209 1920
445 1524
2561 1254
3476 2573
114 3639
2588 1882
2753 3181
1392 809
3053 3150
2559 1595
2843 1125
2559 1366
3810 648
1533 1199
3632 1056
2663 3409
3790 2396
2792 2062
2202 3014
197 3529
3626 3456
603 2756
792 2921
1256 1335
110 83
1767 90
538 3041
89 1717
676 1928
2703 1845
3348 600
579 948
3834 3728
3751 3693
848 3324
3454 474
1181 2975
146 2759
1068 2051
2375 1908
1501 1115
1449 696
810 2924
939 594
3771 302
3757 367
3688 2748
3667 3857
1718 66
3266 1298
1924 2386
3789 1073
1065 935
3264 205
2364 2429
2534 3069
3109 1085
3568 2831
44 617
3659 2949
820 2070
1996 1215
559 1477
283 3299
3538 1612
3073 1024
807 2481
2641 3087
1570 1457
2654 3026
880 256
2165 2569
3808 2641
2878 1687
1307 3743
264 926
1320 3682
2266 113
3083 106
796 1955
2423 2985
1234 3120
1163 2651
944 1826
2539 164
1651 1422
2368 2497
2420 472
1509 2241
2070 2574
3792 953
1385 485
1123 2471
3368 2611
1482 3572
1186 2527
1241 2197
580 731
640 2731
3814 1385
2983 1228
751 3767
3669 738
1947 144
1239 2767
1776 2477
2562 3157
3582 1264
3109 3555
3728 3304
2408 2690
2275 2575
1693 1661
2122 3501
2497 409
2177 3171
2051 359
893 2022
3004 3394
1839 2129
2286 899
3827 3138
2762 2814
1425 799
334 1506
1843 2544
2560 3848
3014 820
2296 2755
1818 2716
563 2497
1752 2133
3778 923
2337 19
2853 1067
1696 3406
2126 1004
720 2565
670 758
945 2683
1569 332
2446 3345
2595 664
1569 1729
24 768
294 2578
1129 1982
254 3445
3666 3728
3577 1404
2904 2358
1503 3068
801 581
2753 1142
1168 1277
870 3569
1171 2514
3547 2171
1993 865
3599 3270
1364 2091
1617 2271
810 2508
1985 2438
2111 628
1028 1647
1377 3787
3230 1188
1153 2847
231 2306
3644 1471
421 2403
3000 1894
1038 1288
3715 1122
2803 2023
3454 2515
1841 107
3724 1063
157 1431
2517 2541
657 1488
3528 2814
3710 81
1705 3565
3861 250
3542 1665
2281 2449
2602 3295
3846 652
1144 2222
2670 689
2515 1340
2017 3544
1390 2628
2498 1107
1171 2998
2611 1
778 2249
40 3074
193 3316
1881 650
1113 2764
2245 1866
2826 3309
755 2238
199 2020
1622 1823
2267 578
3015 737
1220 1291
637 970
567 911
1886 68
2961 2837
1027 2818
486 3137
1692 2417
2604 1516
3507 3535
869 2646
2355 1980
1928 2401
1663 440
1198 606
2053 3335
1428 3283
318 1725
1564 2124
3351 3372
3204 3847
3400 524
1103 2705
2618 2740
221 745
1766 245
775 99
1302 2770
3480 3149
473 178
367 691
680 1151
1144 3766
2123 1835
574 3613
3246 3332
2625 541
3183 2754
2078 1311
2809 2284
3406 2274
1665 1667
3454 3254
3727 2854
129 1169
1436 3012
2023 328
2179 1070
178 3276
2194 1607
1576 2726
2828 2647
414 3260
390 2866
1907 3536
3240 2857
802 2847
2047 3250
765 713
3010 1119
2846 193
558 3389
3276 3224
2696 434
483 3215
1959 2356
1333 3385
1950 92
3746 1389
1356 1797
1413 870
1676 3724
16 1241
3665 3859
594 952
769 1744
2849 1551
2790 2405
3347 3225
1334 2159
854 1522
3030 1074
3434 3638
521 595
3699 940
2541 2603
2364 432
2127 519
1889 3320
1731 2505
579 2936
9 3803
1267 1058
637 891
3102 3286
53 2597
2871 2599
844 1635
460 2692
1007 1104
269 1663
1462 1684
2315 3320
2447 1261
3001 2601
2299 1097
136 2487
3752 254
1503 3149
2222 2082
1311 3851
2674 3374
1579 3373
1488 774
3131 846
1792 219
1014 3335
1852 1990
2280 1205
3180 967
210 1325
65 2139
3497 3303
14 2847
476 663
2718 3538
3413 3834
2260 1411
102 866
3562 143
711 156
827 1307
630 2190
1325 500
2264 2671
1519 1534
1338 964
28 3253
72 61
1672 1483
2033 708
3449 3770
2831 688
1434 1840
3078 336
1729 1236
2104 359
3246 2098
3187 996
3498 2844
2536 1938
989 2365
3263 1220
2507 3866
3863 498
492 2727
1734 3650
672 1611
598 413
1396 2608
2117 944
2097 1645
3477 1980
1063 2556
3386 3784
2963 712
263 3146
2826 3861
3430 592
2956 3153
3008 1128
3493 2863
1934 3465
2569 263
2665 1957
2350 899
3818 3562
3522 2517
1375 468
1700 1019
2102 1965
1883 1369
1260 2144
1346 1164
861 3630
1208 3445
523 1127
2169 679
808 1525
954 1579
374 2990
726 409
2837 2535
1324 1792
174 3050
1017 2278
1129 1287
1705 2157
3602 3277
2308 1144
374 3340
2924 1147
1678 2963
1346 2224
74 604
573 22
602 989
891 597
677 2331
1479 767
1514 3205
3768 950
3869 2988
39 2717
338 3804
2816 274
1138 1642
2733 734
1537 1913
1719 1395
2763 2599
2023 2035
3043 2653
3070 2756
2781 667
3481 2061
1296 1706
764 2865
3078 136
688 3284
1543 1812
2885 495
2849 801
278 2891
3146 270
914 2809
2443 2779
2919 493
3122 3067
2097 1324
1202 3626
968 2227
3113 214
981 1937
857 2130
1313 195
1686 1460
578 500
2603 637
1574 3205
2148 1156
1859 3337
1587 2915
851 2766
1906 187
1995 1168
454 1080
1518 2936
3276 743
1526 316
3637 493
3100 517
3590 2596
3583 3640
1353 1822
1143 2995
1377 193
2328 940
3439 3366
1176 1371
1205 2826
119 1396
1168 2944
3780 2612
2562 3214
2613 3674
219 930
1313 1726
1196 912
1679 1820
760 1550
114 355
988 1148
1620 3347
2234 2752
3541 394
447 3426
3114 815
2950 1121
3731 1686
785 681
3744 2379
2766 3636
2936 2098
3569 1745
532 1110
2897 1352
1560 1323
561 2750
537 178
2197 3866
3183 891
1572 1562
2177 3362
3596 1740
1082 1146
3451 598
2072 2787
93 551
2121 2420
1677 3197
3529 639
3374 2980
2441 1314
3043 3634
393 3445
1976 231
2438 2248
696 2399
1122 292
1497 3616
800 2227
366 2938
352 3757
3082 2929
3715 2347
3801 135
3804 1638
3355 1546
2350 2256
285 2949
3781 1883
1313 3162
3162 3073
922 2230
125 1886
2561 574
1477 2977
147 1150
1513 419
3736 2527
1117 2405
112 146
2099 1977
2684 681
743 1935
3067 153
2592 3078
658 3059
3375 40
363 896
511 1548
1581 3219
127 3773
3609 2314
305 3816
241 2074
1821 2832
720 796
1430 2878
797 3645
1334 1369
2194 2227
1326 3171
3186 3012
1458 3098
661 1734
360 345
3276 919
2116 1755
2455 3207
163 3480
524 2668
2231 15
2351 1100
1064 2124
2416 3444
557 1798
543 1900
2470 1465
1764 2471
1788 2828
1323 2765
39 3269
3845 2954
1930 3177
2843 929
3259 578
2113 1349
2193 1049
2936 864
456 66
156 528
2091 1940
1993 2600
2433 2872
542 1503
3665 2123
3392 1228
2898 464
728 2861
683 3613
175 928
2228 898
2668 416
715 2104
2196 1360
754 3264
1263 1155
1538 865
3167 2988
2771 773
2249 3586
2723 3442
1787 788
1615 2253
328 3506
869 2140
1005 752
2319 3766
3869 641
1315 914
529 5
936 100
401 988
3280 771
2971 2645
1718 3024
1073 3488
1286 105
2251 491
580 3326
2402 2609
3873 1406
3194 71
1019 3144
3586 1349
3131 1708
2527 547
2709 258
3614 2579
1232 1158
3376 492
3176 138
913 358
2764 1133
1704 1153
1410 935
2965 3338
209 3396
3335 841
915 1343
2503 1442
1304 889
3074 248
2692 2132
3024 2642
3075 2836
3312 2520
112 2187
1540 2334
3400 152
3049 3638
2752 3351
2797 384
1174 2213
931 240
2472 35
2331 59
1823 3790
418 3812
3537 2759
3592 1234
3308 3690
607 35
1637 1570
472 2062
3022 852
263 1659
864 2293
246 3412
2206 185
1163 2589
609 1020
3613 3656
782 911
3870 2531
3457 672
2173 1176
1727 1355
3848 1725
1573 2874
3343 1738
3812 2711
2101 2212
988 908
1077 199
32 985
3740 327
183 1383
3199 1666
1996 1637
1430 960
2651 3029
285 2333
3578 1204
3390 1153
2366 3799
2772 286
2013 3388
1362 1886
3607 40
424 1337
1229 44
1829 1766
746 2785
546 3663
3 1694
3783 2373
1653 493
1703 1253
2291 1652
3488 3623
3262 1102
323 1002
767 2736
772 865
1861 1546
3430 2864
2654 428
2166 2825
2200 194
1582 3299
3027 417
1455 2440
322 1689
1437 1376
2075 1367
2275 3118
659 3674
162 424
3382 2163
1436 104
830 2509
3488 2818
60 1544
2164 2728
125 478
2057 3834
959 2101
1884 910
3742 641
1594 1565
1439 2445
3842 3208
1790 164
1986 1042
2581 3174
3415 2582
3585 2993
3509 3412
2991 2254
2570 1214
3676 3525
1355 2343
2678 976
2929 2315
3319 2470
2230 1789
2690 3467
783 3056
3246 3833
718 1126
415 3303
3122 1030
2144 1348
3816 2350
437 2015
927 1650
3692 365
1882 116
2073 2055
358 675
1096 2590
905 1073
2044 3332
2364 2785
3094 3304
1554 701
363 1958
499 3539
3678 551
2796 3731
1411 773
1345 419
3069 1382
1421 966
3084 1919
2086 1356
3171 2561
1507 1649
1111 3635
2497 1570
279 3778
690 343
1847 3410
1117 1615
573 2912
1887 1762
3585 3490
2181 3700
383 573
995 1100
3121 2043
3392 2277
1451 3302
1745 1305
3479 741
1343 736
1248 1667
3438 1346
38 925
3228 341
19 2632
430 2203
201 165
294 2342
3866 3486
2439 531
2154 547
843 1739
2568 1355
3249 3140
3342 483
2784 3868
2684 254
586 2985
1689 3372
2881 2983
2781 1584
1585 2726
291 3333
1368 2728
3519 3270
1051 2792
1856 1270
1620 505
3084 2295
2523 1733
3721 637
1988 1840
3611 1933
1677 1160
1725 154
1072 2972
320 2879
1436 1219
3653 3741
2173 923
1839 3787
428 1365
1725 2261
2124 2724
3055 2065
2603 1675
2971 1842
512 3170
1073 3503
3558 2807
3259 2016
246 2004
1325 1243
3305 2132
2613 3073
2098 1395
1752 2973
1437 1915
1263 1762
1263 3748
3778 1763
2629 3017
1775 3142
2339 3184
1529 2672
2735 1723
185 2667
2397 910
1461 3211
2022 3507
2371 1446
1581 1290
2708 48
1591 288
1918 417
49 3008
2377 702
962 494
3398 202
3015 1898
1417 2471
1228 771
1778 3389
3698 1258
3472 3655
1496 1424
1298 951
3065 564
2364 1914
616 99
3109 341
3083 1106
3277 2140
773 1480
1690 2643
2330 2037
1886 303
2833 1345
2721 875
2349 3218
2643 3436
3725 3175
2844 3426
2594 2231
1967 1352
308 3487
712 1621
3060 2677
391 2209
45 3787
1934 128
2940 1040
877 2368
3272 3499
3528 981
403 2448
1392 3716
1612 1770
3384 1461
3079 2811
3168 3792
3178 2790
912 1278
405 400
1442 2611
1275 3437
2493 2808
3581 98
1948 3422
3011 2919
1325 1982
3444 1754
2802 2516
634 115
1351 2385
1404 2211
1321 227
426 580
2962 3636
315 483
1980 2529
3247 2987
1222 635
2349 1608
1901 694
107 3873
1559 176
776 1753
1995 3187
2870 906
2407 2084
2519 2325
2166 746
2983 968
579 2232
1341 340
3071 788
3088 203
3232 3631
403 3174
2972 2243
2246 1385
608 196
2345 3313
112 1197
2085 3093
2837 2728
1909 3133
992 1475
2320 1684
1764 2220
1137 3290
1744 1753
1065 3387
2176 3598
2887 2441
2577 1727
3807 3350
1790 3562
3431 2541
3331 2603
2452 648
3604 3637
3044 3714
3782 3643
987 2541
2099 3391
2847 1564
3486 504
292 3598
3810 1732
671 2318
473 2333
467 2259
2215 1364
1473 727
1872 2422
2037 2755
330 3193
3608 507
3564 400
2595 2753
2160 2596
2717 1467
805 3422
867 2085
3772 1103
2646 769
1228 1081
2532 3636
655 3663
3765 3315
1046 3255
126 2989
841 756
1703 3646
3685 3147
92 2102
1819 330
3434 303
2188 2119
2740 646
481 2291
2869 531
2372 3108
1006 2378
2508 2474
1811 3300
2533 1484
448 3053
3500 1044
60 2648
2106 1676
946 2512
3077 1584
85 2183
1882 857
2907 3280
3445 3858
3051 2241
3382 3509
416 3343
2776 3699
2977 3460
2490 3076
3336 1821
876 66
2056 2097
97 3711
298 1486
3318 2827
1088 3224
1315 2220
2858 627
1151 1065
2468 3825
2614 1435
2211 1459
1840 3209
11 503
912 2072
2065 65
1046 840
913 2940
1942 3607
2383 2037
2001 3692
3708 1719
960 1187
1419 1243
818 1777
360 2619
74 2262
3751 2025
1667 1429
1930 2068
2358 3040
3873 1089
3080 1224
3121 1979
965 376
996 1904
1271 153
817 1380
2549 1938
1351 267
2913 939
361 1285
2193 2047
2900 3858
906 3300
3463 3032
2719 3554
1265 2186
1123 790
3757 2203
799 3847
1702 1894
2175 1360
2632 781
2472 536
2556 3159
231 2464
2142 3519
731 3541
8 1116
2919 3332
1248 1966
508 3388
3586 348
3839 299
3458 3317
1058 3791
204 1930
395 1232
715 419
1432 2433
2882 2339
1417 58
2817 2358
3211 2285
1552 1451
1341 221
136 1543
2142 1438
1419 3258
2152 2614
1737 2557
2559 3123
2677 900
2646 1321
2563 1552
1102 1228
347 1066
851 599
2165 3613
3046 1147
1239 186
3076 1026
3229 1268
457 150
2590 3496
3722 383
499 3530
2243 1210
3479 369
1598 1408
2816 1974
551 2121
92 2775
1154 3767
3596 257
2452 1589
2869 2372
785 379
2785 2674
1891 3629
575 2491
586 3781
1460 144
3719 448
1850 2810
3225 2801
2791 3741
1051 2541
3232 3191
656 736
755 2664
2253 3284
2024 3232
3686 284
2725 2232
2761 694
1515 2015
624 6
3707 1511
637 699
397 3198
2450 199
2319 1665
617 2447
867 2329
3852 64
541 358
3688 1619
1592 2733
2204 3297
1860 3487
342 1582
994 2262
2838 1075
1399 3479
943 2445
3429 1516
311 956
2628 3416
3068 2934
814 3499
3004 3178
473 2940
3238 83
767 2111
469 202
2303 1037
2969 2066
97 3713
1433 107
1235 3798
2579 1322
3756 1069
2343 1496
3248 1602
3060 2305
1473 1347
27 3775
2391 1392
202 2315
2516 340
1125 3229
581 2119
155 1193
2896 1500
3393 3767
533 321
1684 3866
1625 2505
338 2068
3372 153
3143 2316
1799 3560
3464 2371
2815 1962
3345 2945
686 1438
3433 2011
2256 1180
889 491
3356 2437
2108 3389
2133 3153
844 3350
2104 2866
2562 2283
3633 3590
2950 1345
2387 2925
1090 1312
2089 3002
447 2603
3153 1152
2024 1301
326 2084
2196 2576
2500 772
2301 3272
2580 2458
3177 2448
2189 92
1476 2371
2429 3457
1058 168
3419 3378
2089 90
3683 1209
3667 447
3567 2983
2880 2282
1108 110
3411 1689
1995 1781
2640 3468
160 3461
3160 2457
1324 3010
3289 652
1191 3383
3114 2900
1849 2602
247 353
1678 1966
3547 129
2452 276
2641 3181
848 169
3554 3148
1857 2318
2514 144
709 239
1133 3455
1064 3850
207 257
1048 873
3740 2227
269 3057
1867 683
1447 2275
299 2182
2788 2719
76 3601
2691 3015
2018 1983
2709 3594
2624 2961
2119 3728
1119 1813
2030 1441
1161 763
2334 1852
2379 282
876 2701
3181 677
2876 41
1479 2361
355 3645
859 3407
1395 943
2854 2389
1564 3344
280 3592
1567 2302
2666 3442
1188 1488
2953 2489
1537 1413
3259 3727
566 2902
289 2099
1949 1586
704 1560
992 1963
3565 1151
15 2920
2637 3047
3507 688
260 3855
43 2874
1300 3139
2593 1112
1232 1958
738 1157
3668 1400
3351 2451
3138 1585
1247 2616
2270 2714
1239 2203
759 583
315 3804
1853 3594
3875 50
2259 2821
3139 130
425 185
3572 362
3719 826
583 1646
2807 2895
3564 2874
3400 3180
2475 1375
847 645
1628 2442
3269 1650
3440 485
2160 990
3553 3745
1774 3785
2239 1670
1796 3315
1431 2628
382 2019
571 723
1591 3785
2673 3295
3712 3630
298 2779
3448 1076
3036 85
545 3824
705 3813
3435 733
2437 2156
308 3359
2032 121
2501 3080
2418 3311
2831 511
3613 1678
54 2432
704 1494
3646 3060
1158 3650
1027 723
1458 1175
2535 984
1629 10
3760 277
839 1022
2272 3499
1356 2709
789 2598
116 1566
3263 346
991 2732
2206 785
2867 1470
2037 2935
967 1449
3594 1920
743 1677
2386 729
3846 1619
635 1097
864 691
990 2493
435 3631
1254 88
3552 1522
2996 3519
2725 1484
1938 3585
2136 1843
1052 230
1190 1332
465 1830
3507 3334
819 2853
1283 1001
3265 1182
956 1811
1997 2744
580 2692
1535 2390
1905 1169
2697 1371
933 1009
3747 3292
370 788
3009 2545
13 1719
168 3542
3313 1495
2664 1086
3307 3407
167 3354
1920 3786
3155 1552
3024 840
2385 3068
1177 2695
1723 2868
2893 1444
1154 2832
3569 1663
2982 2132
3225 1624
3429 3346
402 2675
2436 1878
2612 2979
3529 207
562 45
3741 3473
1774 833
808 222
1048 1372
12 2732
1003 3844
2315 1830
2370 305
2662 3860
1299 1893
1239 795
3797 3610
1646 2876
1856 2420
1608 140
1508 3171
1513 1034
2381 3702
941 2040
1450 2146
69 3508
1287 1859
3862 221
3841 3545
3030 2283
2543 475
2428 2888
2648 3157
1344 1733
3269 2457
2011 735
1883 3704
3774 872
2993 1061
1563 2036
1918 3661
919 2910
1313 2275
3835 1003
1856 1736
2203 797
3848 1467
1977 3194
1853 684
776 2043
3114 425
295 1181
3003 2580
606 2800
3536 3043
3732 474
3539 2294
1265 406
1824 2090
953 777
1432 519
540 2072
2198 2681
3061 3056
881 3799
2729 2317
480 3455
2673 3176
1219 3794
653 902
816 1603
566 1657
2344 2856
2953 1365
3374 2590
604 84
2443 1034
1044 127
584 2357
3392 917
3447 624
1304 2417
551 1133
566 1670
2308 701
541 3303
1110 1770
1608 3444
3798 2894
2387 2916
2576 3606
3448 1091
285 3498
3203 2721
3466 1374
2055 1167
734 1496
3298 635
221 2035
3187 474
2041 1245
26 2698
2383 3345
2768 3681
3578 2732
818 3314
3731 1927
3032 2155
3111 233
2727 3505
1498 40
2330 2529
1927 1092
1899 3245
2878 1314
3160 246
199 424
1666 1731
3479 2443
2988 3108
3697 1353
1834 231
2718 3405
3387 2746
1738 2859
571 2753
558 1996
3765 2813
1934 741
2039 2972
2883 853
2248 113
2842 2020
3132 547
2856 1137
1197 2518
2547 796
2275 337
2984 3537
2805 1320
805 2933
1728 3847
3180 150
2213 398
1452 3683
3866 3107
1297 133
2527 36
3451 3767
529 904
1542 2529
881 3049
1116 1374
2826 1621
1258 2891
351 1958
1641 2629
511 1910
2319 248
316 2085
1145 3364
3387 2075
3046 698
3560 919
2858 3387
2080 2568
53 3553
3406 2438
3031 1100
2667 823
1364 1839
178 1454
1093 1790
553 1516
1456 1549
3432 2962
3585 1743
327 2866
2636 1486
388 3492
2044 3008
1240 2954
1750 2009
2559 2821
1029 2626
1278 3074
2945 268
2709 1425
423 200
1185 1166
1359 3039
2697 260
1613 1872
1926 2332
1272 3794
1261 2100
3771 939
155 2125
316 2945
3163 975
3355 3360
81 863
2746 1855
790 505
334 491
2611 583
1102 3517
2499 113
289 869
1863 1107
2398 1414
2520 1111
2721 3316
653 2314
3853 2418
2915 1906
1760 3049
2074 2458
3412 1665
3021 2975
364 346
435 1983
2676 698
2452 953
2236 1823
2016 544
1630 2952
1200 1678
1203 1424
3128 2148
1364 1786
2193 1345
3794 925
2264 767
342 3616
3526 1231
1509 2675
3771 2496
1657 560
445 711
3760 765
749 3337
1759 1510
3381 1937
1359 987
3210 1008
1993 3259
52 2298
394 1015
3138 3054
3701 3167
3690 2749
2391 2258
2755 1717
2454 2543
2464 3002
1085 2976
325 255
2108 2027
2245 46
2821 3360
2747 1196
3535 1720
1304 1185
68 3423
1914 3329
269 969
511 2717
2924 869
2898 210
3042 632
2842 2493
3766 2878
3228 1253
1693 485
2778 3676
1038 1722
3353 3355
2246 3034
3281 2432
498 401
2111 3748
2590 484
3659 3667
742 1148
403 3668
724 47
2480 3335
250 2500
1559 3369
165 2806
3279 655
524 3153
792 2150
451 1628
1863 3753
3103 1634
3803 3257
1483 499
1999 3533
646 2971
1000 759
26 553
2735 1817
2170 503
1010 1339
144 2881
43 1257
2110 1512
13 2933
3871 1990
913 1648
806 3737
341 3408
2182 2970
640 3704
1904 2962
985 706
2812 2319
2882 1597
1660 1289
469 2546
790 386
3054 1034
1726 596
3203 2591
448 393
934 2996
2821 3428
3047 2199
2395 2273
3457 84
621 671
2750 2851
1640 3279
2283 877
2967 1509
65 3728
1651 785
3020 1520
2941 998
221 3194
2483 426
1555 2780
961 617
653 1632
2561 201
1263 690
2877 932
2740 3852
2647 3624
3071 1471
324 3564
2316 1309
3850 805
638 583
118 2762
3443 3800
2980 1824
3737 1803
75 1116
420 3514
2577 3807
2164 2850
212 488
2333 1087
3632 2810
616 2005
1183 3284
372 3042
535 2282
2284 2255
3294 2643
1647 651
995 725
1965 1980
3467 2076
2921 2546
2912 3665
566 2655
1421 1183
1687 2278
263 789
185 3313
3182 614
892 1485
3815 786
2423 3450
2918 2611
2852 2028
3776 161
477 3727
3519 1030
2920 2162
1755 1607
2959 60
3556 50
23 2217
301 2841
146 1506
3456 2155
3640 515
3329 3511
2267 1472
768 2842
1554 3522
122 3633
925 2681
2941 3523
10 840
3368 1237
2143 1678
3302 3098
177 2121
3196 1130
2568 1598
264 2009
2053 1906
147 2363
1461 3428
2683 2194
2555 3177
2794 1244
83 2994
1998 226
3180 3350
3109 437
2067 3480
521 2294
1176 3686
1343 187
882 2192
648 793
3786 3466
815 152
2571 1562
2681 1730
2460 41
218 1101
2117 52
2979 1508
1631 2000
1636 129
3391 3825
1923 307
2094 3572
1921 2634
1704 2111
3617 3764
2730 2214
3413 3439
1854 594
1568 2186
887 1744
546 3666
1692 1848
113 1276
1561 89
1341 2422
1367 3377
1290 97
3093 3568
139 2823
1746 2484
1881 1625
2408 2539
1519 1394
2551 494
3225 2653
391 3057
653 2239
2077 2681
2475 741
3604 363
2845 459
496 1659
2744 3531
517 1718
500 88
2578 3498
3018 3770
2937 169
519 1498
3718 2949
2552 220
549 2545
1929 177
1844 1301
1548 3225
1694 539
145 2088
2997 2677
2463 2743
37 276
2368 2856
2742 293
1746 3452
644 2916
1280 3019
3575 3017
3380 297
926 1969
36 2400
2656 1700
2931 1410
2836 584
1208 1803
977 3368
1486 3245
2993 1177
2805 3341
1159 2742
1036 807
134 598
2541 3015
3711 1591
1856 3033
84 3756
1968 2456
2605 3013
3675 3452
3524 3404
3492 3371
823 954
569 3252
3021 874
2453 3507
2578 3687
1277 3352
782 340
3670 623
2964 1521
1966 140
1351 2725
621 3145
1362 2591
2254 1711
1768 919
990 2840
2000 2474
3326 2344
1657 3828
3164 67
2780 1124
1452 2376
2903 1460
889 2155
1605 110
568 3268
3594 3219
1844 3021
3167 1775
3012 3594
3047 848
3779 2689
1044 2392
3631 1249
3536 2409
2217 1158
1986 2686
1226 1766
1382 1525
591 1790
3345 2073
3116 523
3308 3174
2871 2153
1200 1726
3859 442
3567 4
3288 1528
1673 2965
1294 2151
593 3501
2105 609
314 3527
2345 3600
32 2013
654 733
1528 2694
1897 2002
358 38
1267 788
2201 1632
699 223
3589 3548
3121 117
3380 3495
3185 1980
2794 2095
3674 1619
853 6
1933 3348
696 3671
3660 2744
3865 1163
1315 2373
938 171
533 2108
1249 743
616 3274
2085 749
200 2699
839 3854
2009 3477
911 3730
2020 44
2866 509
1174 289
1178 408
2167 1676
3436 2998
2737 2960
655 2703
3495 545
1731 183
1543 2347
3157 671
3487 2532
3160 3305
1638 3001
1875 1638
1030 499
675 3425
3545 1439
1636 3584
1353 2478
1172 2137
2996 190
1408 175
82 254
452 2187
3000 379
2758 3246
1057 991
844 883
2517 1736
1923 2515
631 2414
2990 2023
3580 576
2408 1109
2681 113
2066 2698
3538 2622
3757 222
1372 3714
2074 724
136 475
205 2268
2680 2345
3744 1693
1543 576
1190 394
1050 1932
1509 941
2939 3349
3312 1645
414 2108
2836 2066
417 2298
1147 3288
2355 170
1108 2020
335 3494
1177 147
3766 1265
2204 377
2756 1886
241 3282
2184 3242
3403 1710
2772 271
2378 2855
2175 1341
2609 1299
2094 560
851 2795
3703 3384
3410 3741
2055 2123
2390 800
3485 3403
1041 20
1611 1570
3266 713
3000 2906
2844 1612
2300 2948
1042 3212
1376 3852
129 2999
1335 1060
943 3165
702 1827
3392 3485
1992 1143
-1 -1
